100

82 94

74 84

60 60

23 2

95 36

53 53

14 12

69 97

68 6

86 30

64 64

31 79

96 96

55 55

3 3

83 83

99 99

43 15

27 63

22 96

59 4

30 9

75 82

62 37

11 53

7 1

6 65

54 48

8 4

66 1

36 25

45 95

42 86

73 21

70 70

87 56

35 32

56 56

28 24

85 90

33 69

4 4

94 13

77 90

37 78

5 5

58 19

46 33

44 56

13 97

39 55

34 69

67 83

91 94

19 1

52 41

51 18

48 48

63 88

76 26

92 15

93 93

17 17

9 6

71 72

20 8

79 14

29 17

38 41

18 14

78 67

10 10

89 81

49 49

32 24

50 50

57 57

2 2

47 40

81 81

97 97

61 2

41 33

1 1

72 18

24 20

21 21

80 80

15 52

98 98

65 9

16 10

88 88

90 97

25 100

26 1

100 100

12 12

40 29

84 84
