1000

9163

808

1679

8946

2743

9649

7744

7246

2545

7274

4775

6201

5861

417

9746

6011

451

9998

7007

8555

650

9656

7217

9141

5648

629

4143

8846

1542

6775

1609

7579

7990

5931

9220

5765

8960

6735

1477

9907

5907

9964

1231

1673

8764

4914

4149

765

6795

2397

3092

1223

1474

2133

1238

8264

7492

9346

2301

3525

8801

6030

7890

2010

7291

973

6637

4269

9365

9665

3000

3463

150

1522

8462

5301

6050

6285

7955

7409

3307

1266

9978

5064

1122

7603

3349

9191

1519

5602

7197

9652

8650

3620

3015

3250

2895

2102

6843

6597

5249

3357

1828

9352

830

3868

3773

4485

2935

2883

7593

853

8285

5616

4403

1101

1816

9161

6750

404

4432

7012

5487

7049

5785

7445

8880

8831

1224

3451

74

7808

8894

2303

3089

9786

6144

4330

6854

1910

1578

6131

435

2190

7978

9894

7029

7532

7731

6925

804

4767

9059

5329

5852

1919

8016

5731

9451

6158

8840

2245

6821

4644

5826

7528

8181

7331

98

2908

2360

1357

6756

4342

684

3236

8087

8722

1454

6074

3610

8079

1771

8957

1871

5253

4947

116

9423

1277

702

5371

4701

7681

2941

8847

7021

8928

3651

7698

2897

5023

5053

1190

7546

1878

4932

125

340

3136

8374

5202

3393

5161

7374

6972

7619

7753

3906

2400

8470

1680

2279

9905

658

3556

5771

433

671

2640

8973

4314

9549

1552

7195

6233

3019

2989

9363

1783

4355

9820

4286

3028

4713

4625

4433

4017

7175

9248

5425

3222

5333

7547

9415

1864

8444

4077

628

1370

1269

6382

378

3150

5457

9790

7134

1536

1634

915

4007

58

3355

3510

9264

4197

1333

9105

2289

9285

8844

7072

4962

2286

8809

2976

4198

7058

2006

669

7121

7432

1867

4267

9334

7997

7953

926

3918

7880

2030

9102

9353

8000

9081

3619

688

8643

1414

6301

164

5796

7339

6287

9700

3581

2321

1499

2086

7433

9186

4115

1237

1946

1657

4148

898

8980

8878

6115

9971

8881

3168

8085

8574

1156

652

6963

753

6298

8360

3002

8179

1471

1111

3662

9139

3855

8604

8404

967

7479

8438

4490

8049

2905

9083

823

13

6549

3921

9476

5755

18

5025

7443

2942

1412

3777

1055

4845

6697

3760

2457

6871

5582

3727

8259

8685

2220

2240

4817

7367

566

3910

5468

6215

4185

9194

2033

7768

6752

4242

9975

6178

4960

1735

4908

6283

5450

786

3129

1024

6889

6980

1805

2417

2790

5655

6052

8496

3254

364

9874

3472

8830

6578

2018

8523

2685

1661

6794

5015

6827

11

5989

1872

1605

8156

595

557

2791

3454

4832

2057

9797

2007

9508

4209

2698

6334

2848

3201

2818

744

2233

8045

4339

3540

5063

9856

8322

293

8152

5349

7349

5035

9495

2912

6784

2890

4385

6887

8247

9795

9098

5447

2598

4543

7008

3549

3687

4909

9875

7163

2096

2856

849

3126

8023

8459

2327

4822

4738

6593

488

123

9478

5452

4062

1290

8039

371

9224

1463

6713

3587

6686

5095

7909

4372

9813

3102

7952

9935

5777

8349

1490

3399

7238

8594

4688

6224

8822

7457

2064

3719

3982

1683

1124

1744

9630

1356

8329

4623

9344

8885

5884

6564

1610

7004

7295

3256

6698

5041

2659

4672

8624

6870

8999

2974

6480

5484

3437

9300

4535

2782

8342

8384

3770

4829

8293

6156

5469

4966

579

5411

7683

9972

1819

4502

5517

3789

394

4660

1493

4196

4827

4998

670

6813

1670

4218

385

9825

6127

4188

7534

2642

5770

8734

4854

7722

9240

3375

5129

544

8334

5913

9609

4961

2390

5555

5700

8487

489

5516

7346

6421

6858

6520

8451

4137

1527

1749

4223

8396

9847

4487

56

9994

152

8409

4373

2260

8320

7558

3843

2270

6185

1709

1244

390

2735

1613

9977

3966

1311

2322

3367

1085

3490

6465

4890

8169

6464

7495

9235

8524

4168

1764

1004

4026

9296

6026

3987

9854

1054

3067

7658

6452

5300

4598

6562

5901

8641

4264

5420

4982

7548

3728

6106

7946

6930

5472

6405

7934

2969

9143

7309

1540

9743

7138

4862

249

3413

9711

6099

988

3674

8904

8232

4353

5637

8067

5942

5849

5574

3866

4311

3296

2172

8294

3192

6206

2891

2933

3245

365

4138

9090

5707

5067

9550

9088

9519

5694

4737

6499

9119

5219

4519

5164

5311

8194

713

4516

372

2418

1323

5625

7088

2870

6626

3703

6838

9698

8032

2574

1420

5990

1591

3896

1452

4212

2934

9922

1996

8720

7954

8584

9339

8311

8977

5544

7985

8534

9368

7538

5171

9889

3408

2483

5116

2865

5791

210

2091

3957

1389

288

8969

8110

7105

1617

5167

3980

4692

1870

621

5226

7449

2065

2622

4847

195

3677

3764

9713

5149

9131

4787

536

4434

7229

3557

5384

4222

9257

4704

9908

8114

9771

1787

824

4476

9699

8510

104

8962

6430

3954

2576

6429

5232

9382

3211

2558

8988

5365

797

382

577

7565

5945

5250

7783

8647

6255

4053

8779

9011

5148

6916

9453

5669

1922

5628

7263

8922

1070

9631

6169

6911

867

6441

2894

1109

4942

3072

9103

5302

5107

3609

8656

4555

4208

8106

9979

7435

4894

1041

7441

3583

5522

3511

3104

4083

9637

5355

8855

3862

9179

1925

3173

1718

3940

3110

9211

8728

8

5586

6547

6055

416

7151

6268

9246

9475

9071

6184

7718

880

3916

3007

855

5674

4166

1960

3317

7369

9148

8590

883

7929

2043

6107

6932

5099

545

6645

9924

6927

1417

500

681

7936

1791

5257

6195

6507

6120

6210

5684

2478

9499

5536

7273

1025

1959

7540

8740

4390

7567

3524

1193

8707

7860

5184

4090

2755

8377

4304

4963

770

725

9959

4112

573

9667

8850

2861

5120

2467

4323

6582

482

9333

1410

5914

8421

4155

4747

9793

959

7821

8512

9251

6785

8042

4275

388

7761

3598

7796

8677

2523

5492

9020

6479

587

5523

6776

211

3039

620

337

4784

2399

8542

1561

622

6130

431

7606

8030

1210

5621

6769

6982

2445

2711

9913

1073

6376

3428

6665

7145

583

9880
