101

2 8 6
00100000
11111110

10100100
10011010

10111011
01101110

10011111
10010000

00000101
00011011

00000010
01011000


10 2 6
11
10
00
10
10
11
00
01
11
10

00
10
11
10
10
00
10
00
11
11

11
11
11
10
10
00
00
10
01
01

01
01
01
11
00
10
00
01
01
00

10
11
00
00
11
01
01
11
01
10

10
11
01
10
01
00
01
10
11
11


4 8 6
01000000
01101100
00010101
10010001

00001110
00100111
10011000
11101111

01010011
00101101
00110110
10011110

11110111
10010010
01010111
11000110

10001000
11101001
01100011
01000011

01011000
00011011
01101001
00110111


4 5 6
10111
01111
00000
01010

00111
00110
00101
10000

10011
00010
01000
10101

10010
01110
11101
00010

11110
00000
11111
00001

01010
10011
10011
01010


4 8 6
10001010
10100011
00010111
11001010

11111110
01100000
11011111
10101001

11111000
11001110
10010100
10111100

11000101
01100010
01110010
11011010

00110101
11100110
11111010
11111001

01001010
00110111
01011000
11100001


6 10 6
1001001011
1000101110
1010001100
0101111101
1101101111
1100001000

0011000101
1010110011
1001001111
1001001100
0000110100
1110010000

0001110111
1000001100
0010101000
1110000001
1010110110
0100011101

0111110011
0100101001
1111110010
1111010000
1000011111
0010100110

1011000011
0111110101
0011000110
1011000001
1000101011
0101101100

0011100001
0001000100
1010100010
1101001000
0100001110
0100000100


3 1 6
1
1
0

1
0
1

0
1
0

1
0
0

1
1
0

1
0
0


1 8 6
01101000

00010111

11100010

10101101

01101010

10001111


8 5 6
11000
01101
00000
01001
11111
11100
11001
01011

11000
10000
01000
11000
01000
10111
11001
01001

00010
10110
00101
00010
10001
11010
10100
00100

01001
11010
01010
10110
11010
10111
10010
10011

11110
00010
11000
10111
11110
00001
00101
01000

00010
11101
10000
11010
11110
01000
00100
10110


3 9 6
010000101
001111110
001101100

011001001
111001010
001110110

010111110
100000101
110000101

101000111
001100010
100010100

001001001
011011100
001010111

100110110
011001110
010001110


5 2 6
10
01
11
11
00

01
10
01
10
01

11
11
00
00
11

10
11
01
11
00

10
01
00
01
11

11
10
11
00
01


10 3 6
001
000
110
111
011
001
011
110
010
010

010
110
101
000
011
111
011
110
011
110

110
110
011
011
001
011
010
000
100
100

101
010
110
000
010
011
010
011
110
011

100
101
010
101
111
010
001
001
001
111

101
111
101
110
011
101
000
110
001
101


7 10 6
0011111101
1001001110
1000101010
0010000001
0001101001
1010101011
0010101000

0010001111
1011111101
1110110000
1100101101
0010100011
1011101001
1010111001

1111101101
1000010011
0011101111
1111011001
1110100001
1000100110
0101100011

1001011110
0010001101
0001011001
1110101011
1101011000
1100100111
0001110111

1111011100
1111100001
1011101101
0110111000
0100100110
1010000111
1110110111

0101000101
1011011011
0101011110
1000111101
0101100101
0010100001
1010010001


2 8 6
11010011
10010101

00100010
11010111

10010111
00100001

01010000
10011110

00000110
01100111

10111001
10000110


2 1 6
0
1

1
0

1
1

0
1

1
1

0
0


4 3 6
110
011
110
101

011
110
111
011

100
111
111
101

000
101
001
000

011
011
010
000

011
100
011
101


5 10 6
1010111101
0010101111
1101011110
1011010010
1001010100

1101010010
1110001011
0000011011
1110001100
1001001001

0111010110
1101100110
0001011010
1010101011
0111101101

1010010010
0111010010
0101011101
0100010011
1001101011

1110110111
1011001110
1000011000
1010110011
0111100001

1100000010
1001011000
0010001000
0011001001
0001000110


2 4 6
0010
0010

1011
1101

0101
1100

0110
1110

1010
1010

0011
0110


3 2 6
11
11
01

10
01
01

01
01
01

10
01
10

10
11
10

10
00
10


3 4 6
0111
1011
0110

0000
1011
0100

0011
1000
1101

1011
0001
0010

0001
0100
0101

1111
1000
1100


9 9 6
101000110
101011110
011011101
101011111
101110011
100111100
111011111
000100100
011000011

111100010
010100000
101101110
011011000
000111011
010111101
101110100
100111100
101001010

000101000
110111110
110101000
101110011
100000001
011110111
100111101
011001100
000011000

011010000
011100110
000011110
101101001
110111010
100110110
011110000
111111100
101100011

010000010
101111011
110110010
100001101
100110001
110010101
001100111
101000110
111001010

001010101
001110000
110110111
011101110
001101111
111110000
000110100
100101100
111101011


2 3 6
110
110

000
010

000
011

000
110

110
110

111
011


9 5 6
00101
10010
10111
10001
11100
01010
10011
01101
01010

11001
01011
00010
01011
10010
10011
00111
01101
10001

11000
01110
01001
00001
00110
01011
11110
00011
00100

00001
00101
11010
00111
11100
01101
11001
10111
00111

01101
00101
00011
10011
10100
11111
00110
00010
10111

10001
00011
11100
11000
01100
00001
10100
01100
11011


6 7 6
1100110
0101000
0101011
1101001
1010110
1101100

1100010
1000101
1101100
1100010
1100000
1000010

1000101
0100010
1010110
0001011
0000101
0000100

1100010
0001001
0111000
1011011
1111010
1101001

1000100
1011111
1000011
1111100
0011011
0110101

0110011
1001100
0010000
1111010
0000010
0000110


2 2 6
11
11

01
01

00
11

00
10

01
01

10
10


4 5 6
10101
00111
00000
00010

01010
01000
00001
00001

10001
10011
00101
11010

01111
11110
01110
11100

11100
10001
11000
00101

00100
00010
00001
11111


5 9 6
110101110
100111100
000111111
001110110
110010000

110100110
111111111
011000010
000011010
100010011

000111101
010001011
000010110
101110010
000010000

010001101
001100001
101011000
110100011
110111100

011101101
101111111
000101000
010010000
101101001

010001001
001111011
000010110
100010001
100000000


7 6 6
011110
111111
010110
110011
011111
100000
011000

001111
111100
111101
110011
011011
011110
111110

100110
110110
111101
010100
110001
101110
010101

110000
010001
100010
001000
101000
001111
011000

001101
001100
100100
010001
000010
110011
111001

111010
010000
011000
001100
000100
010000
101011


8 5 6
01010
11111
10101
10010
01010
11000
01010
01111

00010
10000
10001
11011
11101
11001
00001
11100

00100
00001
10100
00110
01011
00110
00101
11101

00011
11011
01001
00000
11000
01000
11010
11100

10010
00000
11100
11010
11100
01000
11000
10011

00110
00011
00010
01101
00011
01110
01111
01001


1 2 6
11

00

10

10

11

01


1 8 6
11010001

11111011

10000000

11011101

01101000

01010000


10 7 6
1011110
1001010
1001100
0110101
1101011
0111011
1011110
0010110
1100001
0001110

0010101
0011111
1000011
1001000
0110111
0001010
1111111
1110110
0100001
1011111

1111110
1011101
1011000
1010010
0100000
0111001
0000001
0010000
0000010
1010100

1000110
0011010
0011110
0100011
0000111
1100001
1001110
1100000
0011111
1101100

0010000
0001111
1111101
0000111
0101000
1011111
0110111
0000101
1101010
0011000

1101001
1110111
0010111
0001110
0000100
0101011
0111101
0000111
0101000
0011011


2 1 6
1
0

0
1

0
0

1
1

1
1

0
0


1 5 6
01001

00011

01110

10110

00101

10100


3 2 6
01
11
00

00
10
00

10
10
11

00
01
11

01
00
01

00
00
10


2 2 6
10
11

10
11

10
10

00
11

01
10

00
00


2 10 6
1110100011
1100010111

1110111110
0100011011

1011010101
0100001111

1010000010
0000011111

0100100000
0101111100

1101000101
1100100000


10 5 6
11110
01010
11111
11010
10000
10100
10010
11001
11111
00100

01011
10010
10001
10111
11110
10010
10001
11010
10000
10111

01110
11011
01001
11111
11101
00001
10110
10100
00001
11101

11101
11000
11110
10011
10011
01110
00111
10111
00011
00010

01110
10101
11110
01001
11100
11100
00010
01011
11010
00111

10001
10001
10000
10011
01100
10010
00011
01100
10101
10101


3 3 6
000
010
010

001
110
110

011
100
101

100
011
011

000
101
010

111
110
111


9 3 6
000
111
110
111
100
010
100
010
010

001
100
010
101
110
001
011
110
111

100
100
101
100
100
011
011
001
000

111
111
110
011
111
110
110
000
111

010
001
001
000
000
011
001
011
001

011
000
110
011
011
111
101
101
100


2 1 6
1
0

0
1

1
0

1
1

0
0

1
0


10 7 6
0001110
0101100
1100110
1011000
0010110
1010101
1110011
1111010
0111000
0111000

0100011
0100001
0010000
0100011
0101011
1101010
0111010
1010110
0101111
0011001

0100001
1110010
1100100
1000001
1111110
0011000
0101110
1101101
1000000
1010110

0111011
1000100
0101100
0000111
1101101
0010001
1000010
1110001
1010101
0011110

1101000
1010011
0110101
1011111
1011010
1110111
0110011
0111101
1100010
0110001

0110010
1001000
0100100
1111000
0000110
0111010
0100010
0010101
1010100
0101100


8 5 6
01011
10000
01110
10100
11001
11110
01100
10010

10000
01000
01001
00000
00000
01111
10111
00100

10011
00011
10011
10110
01101
01001
01101
11010

01111
01010
00100
11001
10111
11101
10100
01001

11101
11010
11010
00001
01100
10110
00001
10101

01011
10001
11011
01101
11101
11101
11001
10111


6 2 6
10
01
01
01
10
11

10
11
01
10
10
01

01
00
10
11
10
01

11
10
01
01
10
00

01
10
11
01
01
11

01
10
10
00
01
11


5 5 6
10010
11010
10010
11101
01101

10111
10011
11000
00001
00110

11011
10010
11111
10000
00101

01101
11101
10111
00111
00110

00110
10101
00000
11010
01000

00110
11110
01000
11100
10010


10 4 6
1010
0101
1110
1000
1001
0110
1110
1011
1101
1100

1101
0011
0001
1001
0110
1010
1111
0110
1001
1000

0010
1011
1100
0011
0111
1011
1111
0010
0011
0010

0111
1110
1011
0111
0111
1111
0110
1001
0011
0011

1111
0001
0101
1110
1100
0101
0010
1100
1101
1000

1001
0011
1100
1000
1010
1111
0111
0000
0111
1100


5 9 6
001101001
100001101
111011110
110100101
000000011

100010010
000110010
111100101
111000100
000000110

101000010
110100100
001100101
001100001
110110010

101001100
011110011
110111110
101010011
010001110

100011010
011110000
000111100
100111101
101010110

100111111
010100001
101010010
011101001
010011101


6 6 6
010111
111100
110111
010010
100101
100110

000010
010101
000101
001010
100001
010010

010011
100011
011110
111011
111111
000111

000001
001010
101100
010111
100111
010010

001110
101111
101011
011010
111000
100001

000101
101011
110011
100100
100010
111110


6 4 6
0110
0011
1010
1000
1010
0101

0001
0011
0000
0011
0111
1111

0101
0001
0111
1000
1000
0100

0000
1110
0111
0110
0001
1110

1011
0000
0011
0110
1011
0001

0001
0010
1101
1000
1110
1001


2 6 6
011000
011100

000001
101001

010111
001001

111100
011010

100111
010011

001010
000011


9 3 6
000
010
001
111
010
101
100
001
001

100
001
100
100
101
011
011
101
111

111
000
100
010
100
111
010
111
101

111
101
001
011
111
000
011
001
010

011
011
001
001
001
110
011
001
100

110
101
101
100
110
110
010
110
001


2 8 6
01101010
00011100

10100100
11001000

01111110
11000111

01010011
11011100

00111010
10100110

00000011
10001001


4 7 6
0000000
0101001
1001101
0110101

0100101
1101110
0110001
0011011

1111001
0111001
0101111
1110110

1111001
1100100
0010110
1000100

0100011
1011000
1101001
1101101

0000101
0110010
0110000
0111100


1 10 6
0110101111

0111101011

1110100011

0001101011

0101111101

1001110010


9 1 6
0
0
0
0
1
0
1
1
0

0
0
1
0
1
0
1
0
0

1
1
1
1
1
0
1
1
0

0
0
1
1
1
0
0
0
1

0
0
0
0
0
0
0
0
0

1
1
0
1
1
0
0
0
0


7 9 6
001111110
001000001
111101010
110000011
100001111
110111101
101001000

000011100
010011111
100101001
110011110
000110010
111010001
001110001

101111000
100001111
101001000
101010011
011001010
110110010
111110010

010010110
100010010
110011000
001010000
110001000
101000000
000011001

011111100
000011001
010010111
110110111
011010100
011111100
100110100

101110110
111011111
001010100
000000011
111100101
000101100
101011000


8 4 6
0000
0011
1000
1110
0011
0101
1000
1011

1111
0000
1111
1001
1010
1011
1111
0010

0011
0111
1001
1111
0110
1000
0010
0011

1101
0100
1110
1101
0110
0110
0111
0000

1011
0010
1000
0010
1001
1100
1010
0101

1100
0001
0000
0111
1100
0001
1110
0111


4 2 6
11
01
00
11

01
01
11
00

10
01
11
11

01
00
01
10

11
00
01
11

00
10
10
10


7 1 6
0
1
1
1
0
0
0

0
0
0
1
0
0
1

0
1
1
0
1
0
0

1
0
0
1
0
1
1

0
0
0
0
0
0
1

1
1
0
1
0
0
1


5 4 6
0000
0101
0101
1001
1011

1110
0110
0100
1001
0000

1101
0101
1010
0000
1111

0001
1101
1100
1101
0110

1000
0100
1000
0110
1101

1010
0101
0101
1000
1011


6 7 6
0010001
1111101
1000011
1010111
0001100
1010110

0111110
1110000
1010100
1100001
1011100
1100101

0101110
0111111
1110111
1010010
1111011
1011100

1111100
1001111
1101011
1011000
0101111
0111000

0000110
1100100
1001100
0110000
0010011
1100000

1101011
0010011
1110111
1010111
1000100
1010011


7 9 6
110001100
000111011
101011000
001000110
101011010
000101111
001100001

000100000
111010111
110111010
110001100
011111011
000001111
000100110

101101011
010011010
111110011
001100111
101110011
100010100
111000111

001000000
010101000
001010010
101010110
000101000
100011010
011100111

001001101
000101000
110100111
100111011
111110101
100001010
000011111

100101001
001111100
011001111
010101011
111110000
110111011
110001000


5 1 6
1
1
0
1
1

0
1
1
1
0

0
0
0
1
1

0
1
1
0
1

0
1
0
1
1

0
0
1
1
0


9 5 6
01100
11000
01111
10110
00110
11101
00001
11001
00000

10110
01001
00001
01001
01101
11011
10100
10111
11111

10001
10101
00110
11100
01011
00100
11110
01000
10011

10100
01101
00110
10101
10001
10110
10000
10101
00001

01100
01010
11011
10000
00011
00001
01001
10111
01000

01010
11011
01101
00000
00001
01101
11111
11000
01101


4 3 6
010
100
011
101

111
010
110
110

001
000
001
011

101
110
101
010

110
100
000
101

000
001
100
011


3 3 6
011
110
001

000
011
001

111
000
011

110
101
100

111
101
011

101
101
111


8 2 6
11
10
01
00
00
10
10
00

11
11
10
00
10
01
10
11

11
11
01
10
01
01
11
00

01
01
10
11
01
01
10
10

01
11
11
00
01
11
11
01

00
01
00
10
10
11
10
01


1 4 6
1010

0001

1010

0010

1100

1101


2 10 6
0101110001
1000100010

1011100111
0100001111

1001010110
1111111000

0001111000
1110010111

1111000001
0101110111

0010000111
0000010011


2 4 6
1111
1000

1110
1101

0000
1010

0010
0011

0011
0100

0111
1000


1 7 6
1010011

0110001

1000001

0010000

0001001

0110001


1 6 6
000101

000111

101000

000110

110001

010101


5 2 6
11
01
01
10
00

10
00
10
00
01

00
10
00
01
01

10
01
00
01
01

00
01
11
10
10

00
10
11
10
01


6 3 6
011
011
010
101
100
010

001
110
010
110
101
100

101
101
001
001
110
001

000
101
111
001
000
011

010
110
101
101
011
000

111
000
000
001
010
011


9 6 6
110101
111110
111000
110101
110010
001011
011011
100010
101110

111011
000001
011100
110001
010010
011000
010100
101000
111011

100001
111000
111101
001101
011010
011110
110011
011101
101101

100000
111101
000100
100000
111010
001100
001110
011100
111001

111101
000011
011100
001100
000001
011100
000011
101111
110010

010110
111100
010101
111101
101000
001101
010100
111101
101001


8 6 6
000101
110110
001111
001101
110001
110010
111110
010110

000111
110100
101110
011100
010011
110000
011110
100111

000000
100010
100011
011010
000111
001001
111110
010100

101000
001001
001000
000100
011001
010110
100011
010100

011100
111011
101011
111100
011100
101111
110101
100111

110000
110010
011101
101001
011010
100010
000101
000111


10 5 6
00110
11101
00110
10101
10001
00100
00011
10110
00110
01011

00000
01001
10010
11110
11001
00100
00010
01001
11001
11010

01101
10000
10101
10001
11001
01010
01101
01000
10010
00011

10101
01111
10100
00110
11110
00011
10000
00010
10000
10101

00101
10001
01010
01101
11100
01001
01011
00000
11100
11010

10000
11010
10000
10110
01111
01111
00101
11100
01000
11110


7 4 6
0001
0010
0111
1000
0100
0111
1111

0011
0110
0001
1110
1100
1000
0001

1011
1010
0110
0100
0101
1100
1010

0001
1011
1111
0110
0010
1100
0100

0110
0001
1101
0010
0010
1001
0101

1111
0001
1000
1011
0000
0111
1001


10 9 6
100111111
101110101
001001110
100100110
100110000
000010000
011010001
011010011
001011111
111000110

000101101
001001110
110100110
110110111
011111010
111011110
000000001
110001011
110101000
011011111

110010101
100001011
010100000
001010110
011010110
011000100
011000001
010111011
100000011
110010001

001011001
011100000
010110100
001110101
100101000
001101110
110101101
000000001
111101100
001011100

100010001
101100000
100111111
101001110
010000100
110110101
001100111
110000000
111010000
000010011

010011011
011111001
001000100
110010000
011111110
011110000
111010100
101110100
010100100
100101000


8 7 6
1111010
1001101
0110011
1001110
0011010
1010011
0100111
1000010

1100110
1000001
1011110
1101000
0100110
1110111
1011010
1001101

0011111
1110111
0111010
0110010
0100101
1110100
0101000
1011011

0100001
0001000
0101101
1111010
0011001
0101111
0001111
1000100

1000011
1001110
1100000
1100110
0111010
1100111
1101001
0011000

1010101
0001010
1111010
0001011
0111011
0111111
0110011
1001001


10 5 6
11110
00000
10100
10111
01101
01011
01010
10110
01100
10110

11001
00011
11111
10001
00111
11110
11010
00100
00110
11111

11110
11100
11101
11100
11001
01111
11110
00101
10000
00101

01011
10100
01110
00010
10111
01110
10010
10010
01011
10110

00001
10100
01000
11010
01011
00011
00011
00010
11100
11000

00010
10000
11111
00010
11011
10111
01010
10100
11110
10000


9 8 6
01101100
01101101
10110000
00011110
11001011
11011100
10011010
11101111
11111100

11011110
01000101
11111010
10010100
10101001
00110001
10100011
10110110
01110001

00010110
10010000
10001011
11100000
11001100
10101011
10100110
11011100
11111001

00110100
11001101
10110001
01100111
01001100
10000011
01101010
01110100
01010111

10000100
01011101
00001111
00000000
00000001
11000011
00110010
01101101
11100100

11000111
01101011
11111111
01000100
10110111
10000010
10111000
11110101
11110011


7 9 6
011101100
011011111
011011100
000110010
111000101
001011101
010001110

110000110
000000001
000011000
100001110
001011111
010110101
001000100

111111100
011001001
010011100
110011000
100010111
001011001
001011000

101001001
101100101
110100100
011100110
001111001
011110011
010011110

101111100
001111110
111010110
011100100
110000010
111111101
110100101

001010110
111101101
011001101
001011111
011111001
101100000
101011110


10 6 6
110011
000110
000101
010011
101010
010100
110000
010001
111111
010011

110001
010100
110101
101001
101011
111111
111000
011011
010110
011101

011110
001100
101101
110011
110001
100000
100101
000011
001000
100101

101101
011110
010101
001001
010111
010111
101010
110111
111110
010001

110111
101001
101110
110001
001111
010000
011100
111110
000100
101110

010001
111001
000000
111101
111111
010001
101000
011001
111011
000000


4 1 6
1
1
1
1

1
1
1
1

0
0
0
0

1
0
1
0

1
1
1
0

0
1
0
0


6 2 6
01
00
10
11
10
10

00
00
01
01
00
01

01
11
00
10
11
01

10
01
10
01
01
01

11
11
00
00
00
01

10
00
10
10
00
00


5 8 6
10111111
00100100
11000111
10111110
11100011

01010011
01110000
00010101
01110011
00010010

00001111
11010111
01000100
01000110
10011111

01011000
11101010
01001001
10000100
11011110

11010100
01010111
11010001
00110001
00100100

01110100
10101101
01011011
00111111
11001110


5 3 6
000
010
101
001
000

011
100
100
010
110

101
000
111
110
101

010
001
100
101
010

111
100
101
110
111

110
000
111
100
010


5 9 6
010101110
101101110
111011010
100000101
011100011

111001011
010010001
001101010
001000110
001000010

101011011
100101001
110000000
100111011
000101110

110101100
000001011
011001001
010000000
100110001

110011110
110100001
111100101
000000110
100101001

011010110
111011110
010111111
100100110
100101100


1 9 6
111010110

001001111

001110001

110010001

111101101

101111101


4 1 6
0
0
1
0

0
0
1
1

1
0
1
1

1
1
1
1

0
1
0
1

0
1
0
1


3 1 6
0
1
1

1
0
1

1
0
0

0
0
0

1
0
1

1
0
1


8 9 6
001010000
010111111
010010110
111000101
110011111
010000111
001010101
011111111

000001111
110000110
010000110
010100010
010010001
011000100
011010110
101110010

000101001
100010001
000100100
001011011
000000011
101011101
111101111
101001101

101011101
011101001
001110101
111011001
010111110
101111100
101010100
000001010

100111000
000110000
110110011
000100101
001011110
100101001
001011101
100110101

100110110
101111000
100111110
100010010
111010100
011000000
011101010
011111001


6 1 6
0
1
1
0
1
0

0
1
0
1
0
0

0
1
1
0
0
1

0
1
0
0
0
1

0
1
1
0
0
0

0
0
0
0
0
0


4 6 6
100000
111011
011111
001111

010111
000110
011111
100111

100010
100001
101011
100110

000011
000100
100001
100100

001111
101010
000001
110110

011000
001001
001100
111000


7 3 6
011
010
101
101
011
001
110

011
000
000
001
101
111
101

100
101
110
111
011
000
010

011
111
110
011
000
110
111

001
011
101
010
110
000
100

001
101
001
000
101
001
000


5 4 6
0101
0010
0010
0111
0100

0010
0010
1010
0101
1100

1001
0110
1100
0000
0111

0000
1101
1001
0010
0110

1101
1010
1011
0110
0100

1101
1010
0111
0100
0001


1 10 6
0110000000

1101100000

1110111100

0011111100

1011011000

1111101001


7 6 6
100001
010010
011010
000010
000100
011110
101001

001111
100111
101110
000010
011001
011101
011111

101111
001111
011000
110010
011101
111100
000101

100111
001001
000001
010011
111110
110000
111110

110001
101011
101111
100110
101001
100000
001100

010101
001000
001111
111101
001011
011000
001111


5 4 6
1111
0001
0110
0001
1010

1110
0100
1000
1101
0101

0101
0101
1010
0011
0001

0011
0100
1001
1110
1100

1111
0011
0000
0100
1100

0101
1111
0000
1110
0111

2 2 2

10
11

01
10
