200

1

2

3

4

5

6

7

8

9

10

11

12

13

14

15

16

17

18

19

20

21

22

23

24

25

26

27

28

29

30

31

32

33

34

35

36

37

38

39

40

41

42

43

44

45

46

47

48

49

50

51

52

53

54

55

56

57

58

59

60

61

62

63

64

65

66

67

68

69

70

71

72

73

74

75

76

77

78

79

80

81

82

83

84

85

86

87

88

89

90

91

92

93

94

95

96

97

98

99

100

229

446

210

802

459

512

693

660

422

733

221

541

205

983

775

767

176

837

653

939

233

961

491

398

465

278

142

938

805

776

633

827

325

744

497

412

683

701

257

855

561

489

584

133

622

268

759

806

247

477

431

292

994

708

403

282

448

558

214

319

973

613

907

149

298

669

504

998

134

959

502

241

756

630

203

455

586

1000

424

763

374

370

922

389

475

750

834

556

478

817

433

175

408

697

536

335

112

329

137

276
