0010000011111110
1010010010011010
1011101101101110
1001111110010000
0000010100011011
0000001001011000
3
11100010101100011110
00101110100010001111
11111110100000100101
01010111001000010100
10110000110101110110
10110110010001101111
3
01000000011011000001010110010001
00001110001001111001100011101111
01010011001011010011011010011110
11110111100100100101011111000110
10001000111010010110001101000011
01011000000110110110100100110111
3
10111011110000001010
00111001100010110000
10011000100100010101
10010011101110100010
11110000001111100001
01010100111001101010
3
10001010101000110001011111001010
11111110011000001101111110101001
11111000110011101001010010111100
11000101011000100111001011011010
00110101111001101111101011111001
01001010001101110101100011100001
3
100100101110001011101010001100010111110111011011111100001000
001100010110101100111001001111100100110000001101001110010000
000111011110000011000010101000111000000110101101100100011101
011111001101001010011111110010111101000010000111110010100110
101100001101111101010011000110101100000110001010110101101100
001110000100010001001010100010110100100001000011100100000100
3
110
101
010
100
110
100
01101000
00010111
11100010
10101101
01101010
10001111
3
1100001101000000100111111111001100101011
1100010000010001100001000101111100101001
0001010110001010001010001110101010000100
0100111010010101011011010101111001010011
1111000010110001011111110000010010101000
0001011101100001101011110010000010010110
3
010000101001111110001101100
011001001111001010001110110
010111110100000101110000101
101000111001100010100010100
001001001011011100001010111
100110110011001110010001110
3
1001111100
0110011001
1111000011
1011011100
1001000111
1110110001
3
001000110111011001011110010010
010110101000011111011110011110
110110011011001011010000100100
101010110000010011010011110011
100101010101111010001001001111
101111101110011101000110001101
3
0011111101100100111010001010100010000001000110100110101010110010101000
0010001111101111110111101100001100101101001010001110111010011010111001
1111101101100001001100111011111111011001111010000110001001100101100011
1001011110001000110100010110011110101011110101100011001001110001110111
1111011100111110000110111011010110111000010010011010100001111110110111
0101000101101101101101010111101000111101010110010100101000011010010001
3
1101001110010101
0010001011010111
1001011100100001
0101000010011110
0000011001100111
1011100110000110
3
01
10
11
01
11
00
110011110101
011110111011
100111111101
000101001000
011011010000
011100011101
3
10101111010010101111110101111010110100101001010100
11010100101110001011000001101111100011001001001001
01110101101101100110000101101010101010110111101101
10100100100111010010010101110101000100111001101011
11101101111011001110100001100010101100110111100001
11000000101001011000001000100000110010010001000110
3
00100010
10111101
01011100
01101110
10101010
00110110
3
111101
100101
010101
100110
101110
100010
4
011110110110
000010110100
001110001101
101100010010
000101000101
111110001100
3
101000110101011110011011101101011111101110011100111100111011111000100100011000011
111100010010100000101101110011011000000111011010111101101110100100111100101001010
000101000110111110110101000101110011100000001011110111100111101011001100000011000
011010000011100110000011110101101001110111010100110110011110000111111100101100011
010000010101111011110110010100001101100110001110010101001100111101000110111001010
001010101001110000110110111011101110001101111111110000000110100100101100111101011
3
110110
000010
000011
000110
110110
111011
001011001010111100011110001010100110110101010
110010101100010010111001010011001110110110001
110000111001001000010011001011111100001100100
000010010111010001111110001101110011011100111
011010010100011100111010011111001100001010111
100010001111100110000110000001101000110011011
3
110011001010000101011110100110101101101100
110001010001011101100110001011000001000010
100010101000101010110000101100001010000100
110001000010010111000101101111110101101001
100010010111111000011111110000110110110101
011001110011000010000111101000000100000110
3
1111
0101
0011
0010
0101
1010
10101001110000000010
01010010000000100001
10001100110010111010
01111111100111011100
11100100011100000101
00100000100000111111
3
110101110100111100000111111001110110110010000
110100110111111111011000010000011010100010011
000111101010001011000010110101110010000010000
010001101001100001101011000110100011110111100
011101101101111111000101000010010000101101001
010001001001111011000010110100010001100000000
3
011110111111010110110011011111100000011000
001111111100111101110011011011011110111110
100110110110111101010100110001101110010101
110000010001100010001000101000001111011000
001101001100100100010001000010110011111001
111010010000011000001100000100010000101011
3
0101011111101011001001010110000101001111
0001010000100011101111101110010000111100
0010000001101000011001011001100010111101
0001111011010010000011000010001101011100
1001000000111001101011100010001100010011
0011000011000100110100011011100111101001
3
11
00
10
10
11
01
11010001
11111011
10000000
11011101
01101000
01010000
4
1011110100101010011000110101110101101110111011110001011011000010001110
0010101001111110000111001000011011100010101111111111011001000011011111
1111110101110110110001010010010000001110010000001001000000000101010100
1000110001101000111100100011000011111000011001110110000000111111101100
0010000000111111111010000111010100010111110110111000010111010100011000
1101001111011100101110001110000010001010110111101000011101010000011011
3
10
01
00
11
11
00
01001
00011
01110
10110
00101
10100
3
011100
001000
101011
000111
010001
000010
3
1011
1011
1010
0011
0110
0000
11101000111100010111
11101111100100011011
10110101010100001111
10100000100000011111
01001000000101111100
11010001011100100000
3
11110010101111111010100001010010010110011111100100
01011100101000110111111101001010001110101000010111
01110110110100111111111010000110110101000000111101
11101110001111010011100110111000111101110001100010
01110101011111001001111001110000010010111101000111
10001100011000010011011001001000011011001010110101
3
000010010
001110110
011100101
100011011
000101010
111110111
3
000111110111100010100010010
001100010101110001011110111
100100101100100011011001000
111111110011111110110000111
010001001000000011001011001
011000110011011111101101100
3
10
01
10
11
00
10
0001110010110011001101011000001011010101011110011111101001110000111000
0100011010000100100000100011010101111010100111010101011001011110011001
0100001111001011001001000001111111000110000101110110110110000001010110
0111011100010001011000000111110110100100011000010111000110101010011110
1101000101001101101011011111101101011101110110011011110111000100110001
0110010100100001001001111000000011001110100100010001010110101000101100
3
0101110000011101010011001111100110010010
1000001000010010000000000011111011100100
1001100011100111011001101010010110111010
0111101010001001100110111111011010001001
1110111010110100000101100101100000110101
0101110001110110110111101111011100110111
3
100101011011
101101101001
010010111001
111001011000
011011010111
011010000111
3
1001011010100101110101101
1011110011110000000100110
1101110010111111000000101
0110111101101110011100110
0011010101000001101001000
0011011110010001110010010
3
1010010111101000100101101110101111011100
1101001100011001011010101111011010011000
0010101111000011011110111111001000110010
0111111010110111011111110110100100110011
1111000101011110110001010010110011011000
1001001111001000101011110111000001111100
3
001101001100001101111011110110100101000000011
100010010000110010111100101111000100000000110
101000010110100100001100101001100001110110010
101001100011110011110111110101010011010001110
100011010011110000000111100100111101101010110
100111111010100001101010010011101001010011101
3
010111111100110111010010100101100110
000010010101000101001010100001010010
010011100011011110111011111111000111
000001001010101100010111100111010010
001110101111101011011010111000100001
000101101011110011100100100010111110
3
011000111010100010100101
000100110000001101111111
010100010111100010000100
000011100111011000011110
101100000011011010110001
000100101101100011101001
3
011000011100
000001101001
010111001001
111100011010
100111010011
001010000011
3
000010001111010101100001001
100001100100101011011101111
111000100010100111010111101
111101001011111000011001010
011011001001001110011001100
110101101100110110010110001
3
0110101000011100
1010010011001000
0111111011000111
0101001111011100
0011101010100110
0000001110001001
3
0000000010100110011010110101
0100101110111001100010011011
1111001011100101011111110110
1111001110010000101101000100
0100011101100011010011101101
0000101011001001100000111100
3
0110101111
0111101011
1110100011
0001101011
0101111101
1001110010
3
000010110
001010100
111110110
001110001
000000000
110110000
3
001111110001000001111101010110000011100001111110111101101001000
000011100010011111100101001110011110000110010111010001001110001
101111000100001111101001000101010011011001010110110010111110010
010010110100010010110011000001010000110001000101000000000011001
011111100000011001010010111110110111011010100011111100100110100
101110110111011111001010100000000011111100101000101100101011000
3
00000011100011100011010110001011
11110000111110011010101111110010
00110111100111110110100000100011
11010100111011010110011001110000
10110010100000101001110010100101
11000001000001111100000111100111
3
11010011
01011100
10011111
01000110
11000111
00101010
3
0111000
0001001
0110100
1001011
0000001
1101001
3
00000101010110011011
11100110010010010000
11010101101000001111
00011101110011010110
10000100100001101101
10100101010110001011
3
001000111111011000011101011100011001010110
011111011100001010100110000110111001100101
010111001111111110111101001011110111011100
111110010011111101011101100001011110111000
000011011001001001100011000000100111100000
110101100100111110111101011110001001010011
3
110001100000111011101011000001000110101011010000101111001100001
000100000111010111110111010110001100011111011000001111000100110
101101011010011010111110011001100111101110011100010100111000111
001000000010101000001010010101010110000101000100011010011100111
001001101000101000110100111100111011111110101100001010000011111
100101001001111100011001111010101011111110000110111011110001000
3
11011
01110
00011
01101
01011
00110
4
011001100001111101100011011101000011100100000
101100100100001010010110111011101001011111111
100011010100110111000101100100111100100010011
101000110100110101011000110110100001010100001
011000101011011100000001100001010011011101000
010101101101101000000000101101111111100001101
3
010100011101
111010110110
001000001011
101110101010
110100000101
000001100011
3
011110001
000011001
111000011
110101100
111101011
101101111
3
1110010000101000
1111100010011011
1111011001011100
0101101101011010
0111110001111101
0001001010111001
3
1010
0001
1010
0010
1100
1101
01011100011000100010
10111001110100001111
10010101101111111000
00011110001110010111
11110000010101110111
00100001110000010011
3
11111000
11101101
00001010
00100011
00110100
01111000
3
1010011
0110001
1000001
0010000
0001001
0110001
000101
000111
101000
000110
110001
010101
4
1101011000
1000100001
0010000101
1001000101
0001111010
0010111001
3
011011010101100010
001110010110101100
101101001001110001
000101111001000011
010110101101011000
111000000001010011
3
110101111110111000110101110010001011011011100010101110
111011000001011100110001010010011000010100101000111011
100001111000111101001101011010011110110011011101101101
100000111101000100100000111010001100001110011100111001
111101000011011100001100000001011100000011101111110010
010110111100010101111101101000001101010100111101101001
3
000101110110001111001101110001110010111110010110
000111110100101110011100010011110000011110100111
000000100010100011011010000111001001111110010100
101000001001001000000100011001010110100011010100
011100111011101011111100011100101111110101100111
110000110010011101101001011010100010000101000111
3
00110111010011010101100010010000011101100011001011
00000010011001011110110010010000010010011100111010
01101100001010110001110010101001101010001001000011
10101011111010000110111100001110000000101000010101
00101100010101001101111000100101011000001110011010
10000110101000010110011110111100101111000100011110
3
0001001001111000010001111111
0011011000011110110010000001
1011101001100100010111001010
0001101111110110001011000100
0110000111010010001010010101
1111000110001011000001111001
3
100111111101110101001001110100100110100110000000010000011010001011010011001011111111000110
000101101001001110110100110110110111011111010111011110000000001110001011110101000011011111
110010101100001011010100000001010110011010110011000100011000001010111011100000011110010001
001011001011100000010110100001110101100101000001101110110101101000000001111101100001011100
100010001101100000100111111101001110010000100110110101001100111110000000111010000000010011
010011011011111001001000100110010000011111110011110000111010100101110100010100100100101000
3
11110101001101011001110011100011010101001101001111000010
11001101000001101111011010000100110111011110110101001101
00111111110111011101001100100100101111010001010001011011
01000010001000010110111110100011001010111100011111000100
10000111001110110000011001100111010110011111010010011000
10101010001010111101000010110111011011111101100111001001
3
11110000001010010111011010101101010101100110010110
11001000111111110001001111111011010001000011011111
11110111001110111100110010111111110001011000000101
01011101000111000010101110111010010100100101110110
00001101000100011010010110001100011000101110011000
00010100001111100010110111011101010101001111010000
3
011011000110110110110000000111101100101111011100100110101110111111111100
110111100100010111111010100101001010100100110001101000111011011001110001
000101101001000010001011111000001100110010101011101001101101110011111001
001101001100110110110001011001110100110010000011011010100111010001010111
100001000101110100001111000000000000000111000011001100100110110111100100
110001110110101111111111010001001011011110000010101110001111010111110011
3
011101100011011111011011100000110010111000101001011101010001110
110000110000000001000011000100001110001011111010110101001000100
111111100011001001010011100110011000100010111001011001001011000
101001001101100101110100100011100110001111001011110011010011110
101111100001111110111010110011100100110000010111111101110100101
001010110111101101011001101001011111011111001101100000101011110
3
110011000110000101010011101010010100110000010001111111010011
110001010100110101101001101011111111111000011011010110011101
011110001100101101110011110001100000100101000011001000100101
101101011110010101001001010111010111101010110111111110010001
110111101001101110110001001111010000011100111110000100101110
010001111001000000111101111111010001101000011001111011000000
3
1111
1111
0000
1010
1110
0100
010010111010
000001010001
011100101101
100110010101
111100000001
100010100000
3
1011111100100100110001111011111011100011
0101001101110000000101010111001100010010
0000111111010111010001000100011010011111
0101100011101010010010011000010011011110
1101010001010111110100010011000100100100
0111010010101101010110110011111111001110
3
000010101001000
011100100010110
101000111110101
010001100101010
111100101110111
110000111100010
3
010101110101101110111011010100000101011100011
111001011010010001001101010001000110001000010
101011011100101001110000000100111011000101110
110101100000001011011001001010000000100110001
110011110110100001111100101000000110100101001
011010110111011110010111111100100110100101100
3
111010110
001001111
001110001
110010001
111101101
101111101
3
0010
0011
1011
1111
0101
0101
011
101
100
000
101
101
001010000010111111010010110111000101110011111010000111001010101011111111
000001111110000110010000110010100010010010001011000100011010110101110010
000101001100010001000100100001011011000000011101011101111101111101001101
101011101011101001001110101111011001010111110101111100101010100000001010
100111000000110000110110011000100101001011110100101001001011101100110101
100110110101111000100111110100010010111010100011000000011101010011111001
3
011010
010100
011001
010001
011000
000000
4
100000111011011111001111
010111000110011111100111
100010100001101011100110
000011000100100001100100
001111101010000001110110
011000001001001100111000
3
011010101101011001110
011000000001101111101
100101110111011000010
011111110011000110111
001011101010110000100
001101001000101001000
3
01010010001001110100
00100010101001011100
10010110110000000111
00001101100100100110
11011010101101100100
11011010011101000001
3
0110000000
1101100000
1110111100
0011111100
1011011000
1111101001
4
100001010010011010000010000100011110101001
001111100111101110000010011001011101011111
101111001111011000110010011101111100000101
100111001001000001010011111110110000111110
110001101011101111100110101001100000001100
010101001000001111111101001011011000001111
3
11110001011000011010
11100100100011010101
01010101101000110001
00110100100111101100
11110011000001001100
01011111000011100111
3
1011
0110
1
