1000
25 60 20
2 21 41
29 81 85
57 48 78
79 12 10
82 56 91
81 64 71
11 78 3
28 100 1
98 28 93
74 29 63
27 23 72
70 59 36
69 3 81
26 7 46
40 9 35
5 77 17
4 38 5
77 83 58
21 89 97
19 78 93
48 19 14
87 20 40
31 37 19
38 73 58
18 56 55
20 46 23
48 69 67
6 68 91
36 22 35
31 8 81
77 18 99
76 21 60
76 7 28
31 32 20
5 34 58
71 8 8
35 43 32
56 65 95
51 34 61
63 39 40
100 98 41
64 76 28
31 10 68
78 12 41
87 21 91
7 84 22
33 29 79
57 53 73
5 92 68
100 89 79
23 35 44
100 91 18
51 39 32
21 81 30
37 26 33
3 96 47
67 45 84
46 4 73
31 11 66
73 66 59
99 41 62
43 24 79
64 25 83
44 60 67
48 64 69
61 85 22
91 65 22
99 26 64
30 65 81
60 5 38
56 92 59
99 99 99
22 61 99
49 32 95
28 89 30
68 63 40
55 65 61
44 27 57
3 22 39
64 82 82
42 7 15
75 23 60
76 87 22
98 6 75
15 81 30
72 53 57
82 70 56
85 84 21
8 47 90
100 28 10
23 89 93
85 2 99
96 46 59
27 86 68
76 78 55
14 98 61
70 87 37
50 22 86
87 63 16
57 76 70
59 96 91
29 21 89
52 68 11
37 17 62
17 73 94
6 12 13
73 43 35
35 8 16
3 89 85
37 92 57
77 46 98
61 12 61
13 21 19
79 6 30
59 75 48
2 86 38
20 14 88
67 12 75
17 8 18
32 74 85
71 28 4
44 7 12
36 17 39
36 67 58
33 84 61
12 9 17
94 30 5
48 100 7
38 87 35
75 18 15
38 20 36
6 36 66
79 48 79
90 76 61
20 46 39
25 43 87
94 73 33
88 17 100
77 89 85
10 34 81
87 15 84
81 30 41
40 79 88
49 35 2
1 42 57
72 83 63
82 77 39
100 61 33
26 91 40
70 88 73
85 74 65
54 98 4
67 94 53
37 59 59
24 64 84
46 38 10
30 44 90
72 68 30
22 45 39
12 100 82
57 85 91
41 20 71
86 14 22
73 9 85
84 58 8
7 83 47
100 66 13
4 47 5
40 87 59
28 88 81
94 11 37
56 56 52
91 59 33
75 36 52
99 8 69
48 100 27
19 41 36
3 82 67
35 22 38
52 71 98
31 43 35
0 92 67
0 2 42
1 87 71
74 27 60
35 72 76
46 25 23
51 36 99
82 47 30
38 3 52
84 53 47
29 71 99
36 41 40
98 85 64
19 53 6
1 52 5
9 67 78
18 69 54
14 65 87
96 80 66
58 36 22
42 93 80
46 60 37
22 41 17
0 15 62
51 66 33
45 24 7
43 81 99
23 3 100
99 77 4
20 60 5
91 2 82
30 64 33
73 93 3
23 7 3
64 20 30
91 83 54
28 44 77
29 11 42
41 48 10
78 21 43
7 78 53
75 68 11
89 48 39
57 41 42
4 1 83
73 32 97
4 47 1
62 86 17
96 33 27
69 91 72
98 23 27
25 17 18
30 5 25
80 33 25
70 91 100
75 71 84
55 82 52
26 57 61
98 100 65
11 32 65
80 80 99
34 5 87
16 48 34
73 81 29
11 10 80
72 40 83
15 28 37
6 27 73
82 47 46
2 20 12
41 62 75
79 31 94
59 60 85
89 99 82
34 85 73
28 75 45
40 67 34
42 91 58
7 33 36
42 12 84
52 60 75
79 88 11
73 7 6
75 76 37
53 28 74
0 55 55
82 93 96
49 37 81
81 13 32
34 72 48
95 61 13
100 47 93
39 43 22
21 80 63
73 29 39
54 47 14
1 81 66
89 42 1
57 38 52
76 45 72
62 17 11
78 13 34
81 3 94
87 37 39
80 5 56
80 22 42
95 95 17
72 17 12
88 5 55
74 9 58
7 72 10
95 82 27
89 86 90
7 13 7
3 40 45
28 12 87
30 41 28
63 4 15
49 60 88
41 5 75
33 39 73
79 8 72
65 69 32
34 44 71
40 29 7
57 61 15
84 69 3
19 77 72
12 25 45
28 1 34
23 17 75
92 33 47
44 62 13
57 52 31
84 90 1
46 100 80
72 69 8
81 79 13
91 86 25
80 65 25
44 52 32
55 2 71
38 4 1
77 41 62
48 46 58
22 34 52
100 76 79
25 65 34
100 84 72
20 73 83
95 33 26
59 89 41
67 48 15
16 58 27
46 65 73
87 37 94
5 98 52
96 2 72
9 67 98
92 40 17
92 31 9
12 83 57
68 6 13
34 38 11
91 54 60
82 32 14
100 91 42
63 93 100
91 88 3
32 43 54
83 77 98
23 76 96
91 9 77
16 53 10
45 38 11
95 11 94
35 45 55
7 54 41
83 27 46
2 1 3
99 60 89
29 94 95
70 25 2
21 26 87
3 75 98
64 16 62
67 3 26
33 34 86
94 29 22
32 67 10
34 54 33
68 85 59
17 6 40
17 36 76
79 7 62
98 85 38
15 48 19
71 52 15
71 28 11
21 6 39
42 73 40
25 69 7
23 21 97
0 89 69
54 70 59
55 94 27
19 77 96
25 61 69
5 47 9
67 89 59
89 48 41
34 98 65
23 60 91
55 93 15
78 31 43
51 22 21
38 13 25
62 46 1
5 85 97
26 4 85
86 89 75
12 85 59
10 19 4
61 29 41
13 46 10
10 5 43
24 57 9
4 79 33
87 5 14
6 26 84
14 30 25
93 85 66
97 7 12
7 38 80
95 52 21
74 35 91
70 35 42
92 67 54
99 13 4
98 55 70
60 98 27
67 19 16
4 95 82
32 77 66
17 89 70
65 89 98
48 21 33
86 23 47
42 4 54
73 41 26
8 2 87
11 60 98
85 85 34
49 34 10
70 67 75
56 80 4
5 77 3
13 62 69
17 42 4
21 1 14
22 54 16
81 88 84
92 4 28
22 15 99
100 27 67
16 15 64
2 48 25
86 15 32
66 92 12
76 86 17
51 76 26
65 91 93
45 4 63
46 54 18
52 68 7
13 15 91
51 16 84
46 59 25
25 12 74
8 13 21
39 62 18
82 79 96
41 85 26
100 68 14
26 26 94
34 59 57
12 98 95
95 53 33
0 20 25
78 100 69
98 96 13
79 46 84
7 95 21
28 11 21
95 62 96
19 95 1
84 38 75
2 67 55
5 100 52
98 22 42
21 66 14
61 63 52
43 72 63
91 2 11
38 68 94
80 46 30
7 52 70
8 44 91
27 61 19
6 54 76
65 81 74
98 39 27
52 72 19
36 65 62
36 64 15
88 76 98
13 78 5
29 25 59
35 16 42
28 37 95
37 33 85
41 88 72
61 71 58
8 7 32
31 40 41
59 30 95
77 75 10
56 91 37
95 22 15
16 35 59
44 35 57
52 36 12
100 70 91
62 24 38
67 1 56
13 47 81
53 48 96
73 91 41
19 23 85
35 55 45
16 20 13
59 43 87
52 79 8
2 36 39
55 48 15
57 75 18
4 8 40
9 72 95
91 77 4
25 47 39
86 54 55
17 31 57
94 13 95
1 54 73
31 47 82
85 93 63
89 8 11
98 42 24
13 63 44
40 32 40
73 6 68
6 37 12
23 36 86
11 30 40
84 18 41
42 65 78
38 15 17
53 92 12
65 46 89
55 71 46
7 84 93
8 59 6
67 95 83
24 84 57
90 98 72
57 76 73
8 58 1
57 10 21
2 47 93
40 31 94
90 58 66
15 14 85
55 99 81
67 56 15
28 53 36
77 75 53
61 58 61
70 57 74
63 97 5
57 92 78
67 53 15
94 30 1
57 28 81
79 37 2
88 98 52
47 27 8
28 96 15
21 53 4
96 31 25
94 24 53
7 34 65
4 78 15
90 16 86
87 81 48
8 61 41
85 55 91
43 30 26
8 64 34
25 55 35
25 54 15
33 58 9
25 85 66
32 38 20
66 89 30
13 82 4
45 12 15
77 88 1
92 7 98
84 79 77
86 67 92
58 85 42
54 84 77
3 53 40
86 75 33
23 65 87
11 92 53
47 74 14
15 29 66
65 70 12
75 79 54
75 9 23
18 18 95
22 64 65
47 88 70
43 9 84
57 27 68
11 83 30
41 12 92
58 16 65
53 86 23
39 62 19
14 46 40
15 74 4
75 33 74
78 84 95
14 72 37
92 38 94
88 7 40
37 21 1
20 73 91
23 1 19
19 80 12
31 83 25
46 13 25
20 41 6
37 33 18
5 66 37
58 20 22
75 31 59
2 32 95
55 3 20
33 44 96
56 83 72
1 97 39
8 88 1
6 23 99
37 65 24
54 73 68
45 39 23
42 62 90
82 87 30
61 55 7
34 44 91
97 69 86
11 73 54
62 46 8
59 82 94
10 55 27
27 63 72
83 21 71
30 9 85
50 58 100
0 34 29
74 77 38
11 5 82
62 59 95
21 84 62
5 20 37
77 28 9
51 57 31
3 98 22
85 70 9
1 13 64
44 71 96
43 86 20
96 97 9
13 99 9
16 39 79
62 48 83
47 68 48
76 47 70
84 98 25
2 42 20
28 2 36
99 70 27
91 10 23
19 71 93
61 30 32
60 57 42
97 76 47
52 58 41
88 56 9
82 65 54
83 15 78
24 26 19
32 46 61
61 11 30
69 44 38
77 61 9
67 60 99
76 77 73
86 82 81
38 36 53
6 45 79
49 2 81
100 63 3
96 10 58
94 30 67
95 11 94
47 1 94
28 95 98
41 32 82
73 67 79
74 3 72
18 75 8
76 70 22
41 97 37
34 16 89
91 77 63
85 71 33
97 83 99
60 2 68
67 77 35
22 14 70
37 77 96
19 54 59
82 19 81
30 17 52
17 26 74
22 88 73
36 61 83
45 83 96
52 29 5
32 68 96
31 20 6
100 60 84
1 23 28
16 43 68
83 83 38
18 61 15
81 8 37
58 12 24
50 65 61
94 6 97
97 96 54
13 15 75
66 68 37
35 99 22
28 81 52
47 53 21
66 25 14
0 44 99
16 97 9
75 46 17
12 55 55
28 13 37
7 13 96
1 95 53
98 29 77
78 56 13
77 31 9
100 26 16
55 12 25
21 52 78
100 87 47
83 56 97
73 35 23
19 15 33
72 21 28
79 100 64
100 31 11
97 18 34
66 17 16
17 55 29
33 69 55
58 27 76
64 15 25
15 72 4
7 68 97
68 23 60
66 75 25
33 6 28
94 41 86
78 28 15
98 4 46
16 11 38
35 29 87
21 60 67
23 74 80
10 55 4
76 58 19
61 56 2
58 63 62
15 70 53
22 2 57
26 92 27
0 30 70
2 94 46
44 65 58
5 5 86
51 82 15
34 78 21
2 72 59
42 13 34
30 25 5
86 22 44
44 31 91
74 73 98
61 89 91
60 68 69
41 85 37
44 95 98
37 13 100
63 38 11
65 83 43
29 72 80
58 20 9
0 57 27
87 70 20
100 17 30
75 52 73
93 24 72
30 61 23
25 23 43
16 12 2
76 10 62
91 63 31
45 70 62
69 62 92
20 71 63
6 97 77
38 55 3
14 58 26
43 54 4
66 69 9
93 92 92
98 69 74
27 5 38
82 42 37
15 90 92
88 27 3
51 16 83
7 21 17
100 1 1
19 32 69
10 33 33
89 11 13
35 97 48
83 62 4
20 94 40
79 87 63
17 81 100
81 69 83
83 25 47
54 86 32
66 96 69
0 54 4
12 65 66
55 71 19
97 58 73
31 30 58
84 63 8
76 27 10
34 21 80
67 10 77
81 38 96
71 35 27
7 62 58
84 74 99
54 28 31
21 94 36
18 28 91
59 22 76
35 64 17
85 73 70
77 67 94
55 84 13
95 85 18
45 94 28
82 45 77
85 67 94
8 67 44
99 61 22
51 32 31
27 65 77
94 29 61
43 82 22
51 46 69
75 28 25
69 26 21
89 74 71
93 68 55
52 96 17
45 58 69
1 90 31
0 53 42
80 74 70
100 35 40
28 95 81
82 94 57
74 86 67
34 67 6
5 74 9
77 83 32
63 73 6
67 68 52
38 4 40
31 80 31
3 38 18
52 20 71
93 54 6
43 97 35
84 70 75
42 33 8
47 12 95
44 68 69
13 9 38
53 76 77
71 76 48
60 83 20
87 57 12
7 25 48
68 94 26
24 81 77
91 10 57
19 32 19
38 27 52
38 91 22
5 47 66
92 80 87
53 3 4
71 86 34
100 66 7
62 87 92
89 37 94
77 76 20
4 84 60
37 2 41
31 90 6
1 55 20
77 23 24
56 61 7
4 62 87
88 98 54
1 87 21
66 30 100
9 70 2
37 24 17
89 80 24
99 10 38
25 63 58
95 29 87
35 9 73
21 63 84
2 59 23
76 5 76
24 8 15
99 91 5
56 6 32
70 42 40
76 9 32
55 94 1
97 16 13
55 4 97
34 99 40
56 87 92
27 6 1
5 95 26
45 62 57
37 43 86
42 25 39
84 26 67
10 36 76
37 56 98
4 57 29
21 57 20
14 59 83
57 98 14
76 23 47
22 21 46
52 91 16
55 36 81
13 55 55
100 9 27
74 98 45
54 13 86
93 79 38
87 93 35
32 47 87
97 87 65
100 90 10
82 35 76
11 45 87
12 3 26
95 23 15
29 90 66
23 100 5
22 4 96
