100
2525 1
2400 5
300 2
120 60
60 90
800517640 10
417639901 4538
338904681 4026
655755561 5815
194233858 3636
663159908 3828
467003113 8701
396965442 5272
614477171 5350
138384378 496
423827930 3893
24536423 51
10917350 9503
8833034 1286
6542819 8814
21973836 1961
18270596 1002
9032982 9923
11456056 3738
11622038 7371
13788600 3847
5953661 2435
16788629 8973
7653195 4846
7658928 8565
5906586 8882
22572966 5020
3692903 855
19361649 766
20801207 4899
3000319 773
8732798 1295
7297779 1343
1916828 5409
12273976 4901
3000990 8218
21946741 1873
14270657 6226
1974420 4751
1369185 2529
2908600 6844
12859422 3198
13011641 8883
23790741 3688
17410431 9379
18074542 9749
11459745 6834
24330439 1796
22058726 9782
9123725 309
14142821 7427
7881076 1656
17153612 665
9253186 4766
12938286 7181
9845445 3340
1039076 4311
4620677 520
20439238 1108
11369321 3278
11165784 5253
5872687 3849
126313 3956
268487411 69
13868950 5846
102389622 874
12293598 2063
144595283 3055
195176093 2066
122648015 255
122603156 169
179291193 6030
32293449 5005
184224461 5596
147822433 524
178174516 7770
129759854 4966
69608389 9895
24739099 7918
65446971 6102
89870123 6430
116106999 9388
79532729 886
150681904 769
84319509 291
3644936 5457
98059584 7932
251508899 7118
214189600 8180
53429339 6797
60153328 8030
193762681 480
223062717 1068
86809959 5544
37572820 6547
90399645 6296
106717973 6406
90224052 7292
122324585 2794
239696878 7087
147092919 8831
198772141 7423
19386959 7179
247374177 3882
130572368 3867
193089690 2113
112025855 7279
200714884 394
85961063 7053
148389004 1204
119458132 3747
40845332 8177
40514902 1800
262660884 7017
207548894 2309
97452689 2217
40179810 3831
4509701 2019
264675328 1298
118192849 4861
174057118 917
80656028 6724
250790706 3344
191793903 5784
151097134 462
240547914 1419
79104444 811
81901672 7031
208134605 6578
228086927 7984
227262396 6605
225626395 8848
107313123 6146
670794775 3
610790288 3281
136445784 3049
594294685 8781
211656988 36
146257367 6254
63959316 2314
47136964 9588
155293901 356
158424000 2392
65317380 7794
157261001 7001
186246660 4910
79381021 6534
8300023 8205
7387213 518
59919187 1582
121344587 2044
184836615 1446
149162728 7622
34681108 6466
58603481 8165
138185062 7726
11166745 370
189688561 8302
15653353 8669
159083842 7817
28022519 522
132260572 9805
21552251 2851
178985789 8909
176437860 5558
58986936 7582
46015348 4198
24607221 4726
101378661 8
184495255 374
117819887 6562
20398431 5147
155435931 5870
85862478 8234
519639528 10
327790513 5455
146754212 5286
140658101 4552
318983715 6375
151226943 2887
17765380 780
235810053 145
388669203 1929
357074378 9291
148279771 6290
26411168 21
25034900 8838
5027242 7754
6256850 9908
11964410 6752
23386961 1997
4543549 2873
25411426 1279
21600383 3983
413123 5511
20265042 8015
7463928 8466
6046554 3773
7027293 9726
18460303 5946
7291148 4133
21818507 6380
1530393 4135
21537810 2761
10350836 3969
14046822 3566
4203746 2649
300520924 42
175517482 9787
63301508 2420
212960571 5901
178863128 2142
82018775 2623
216938236 2961
76786449 2695
249429391 983
156094869 6898
145814658 7965
45232081 3022
85462439 1432
279064190 7707
11139963 1708
205635541 6653
106644992 105
165351458 3866
21577786 9028
39095576 5979
260007026 270
288822112 1713
137059279 5232
80334116 4871
204060798 508
275488053 661
253766855 7499
242603663 3527
118370046 871
131564030 1369
213802998 3643
25276674 4926
273503872 7579
208189652 232
55369125 1700
160936238 2774
163207478 9950
25473819 3912
60980301 8081
195813714 7361
139785302 2881
57948666 3158
94837898 1788
200000 100
5047 7
4082 3
3267 8
6029 2
4385 5
5996 8
5740 8
9097 2
4969 2
7125 4
8425 9
2160 5
2426 3
9109 10
7601 8
7219 8
7746 10
3288 9
2264 8
6101 6
3647 6
8401 2
6954 8
4555 3
9428 2
4896 4
135 7
9972 1
9813 6
88 7
3857 6
8278 8
7395 4
4249 8
4287 9
6251 8
2338 3
9503 5
4398 5
1485 10
9971 3
1289 9
5246 4
9465 2
3580 4
8802 4
4351 10
4641 2
6454 9
291 9
7963 10
8836 7
6274 10
3464 5
2201 4
4412 2
4059 6
8372 4
1574 4
4906 6
3014 6
5057 7
4453 7
8861 3
3243 10
4280 8
2004 8
2875 6
6190 4
65 6
3033 7
8565 8
3057 6
3543 2
2880 5
945 3
5000 9
5984 10
8370 7
1321 6
4957 8
439 2
717 6
9277 8
1961 10
1912 7
3792 7
2830 2
4018 5
924 10
6281 6
2535 8
2033 2
857 3
5581 6
4387 7
918 9
1191 9
9036 5
5978 8
976916278 6
391818250 4528
863167477 4191
877542417 8451
636795213 5210
235625816 9820
513422103 9446
585332699 6
166515517 8445
506347853 1358
127576895 8537
84010349 3585
497139947 9003
274978122 7399
200000 100
6052 5
2534 6
2051 10
308 8
3004 6
5349 4
1385 3
7193 8
667 7
2435 6
5238 4
9150 10
1685 7
1065 10
4003 9
6556 8
7018 10
9227 10
804 4
3174 4
4942 5
8997 7
2700 5
5414 3
4782 9
8287 7
1674 2
9209 9
1668 3
4644 8
3529 10
1645 7
4255 8
615 10
3822 6
3760 4
6479 4
1252 2
691 9
473 5
980 7
2556 6
9668 2
2712 8
9903 4
5968 7
3635 10
6905 10
9904 1
9049 9
9212 2
6458 9
7048 2
9679 6
1735 5
8580 4
7077 8
6390 3
2815 7
9674 10
2494 9
6159 6
4797 4
4703 6
1683 6
6851 3
2250 8
653 10
724 6
3700 4
3290 8
8262 7
6189 10
3676 3
537 10
7203 9
5520 6
6718 2
8803 8
3627 3
1860 8
3530 8
5244 6
6582 4
9143 4
1799 3
1605 7
8330 2
5000 9
2422 8
12 9
9859 5
5810 4
3703 7
4479 9
1287 6
2653 4
2298 3
4987 3
7716 6
272704829 13
36316759 3401
130314563 7024
204059924 1012
48059065 9065
93007963 8612
34576543 9329
105496008 4871
212692302 3532
59251775 432
136274279 2829
116462555 6406
225288067 4187
250611817 9954
403139593 21
342221649 8196
183157561 1335
257246567 2518
85902738 9932
320025826 3993
367170160 1073
164066664 1251
222573026 8915
210879408 223
51603914 4153
153709690 9347
394538731 8186
210336607 2892
384687018 7572
61961798 5091
12575758 7414
304565634 4188
316792803 2845
379237634 4527
359178040 175
105758469 3525
801964639 43
425440541 5481
85008070 2108
82813740 8467
714647751 5006
46227057 2896
588434453 3996
694671463 3810
741369901 2348
608261988 9443
338743094 6882
670738922 7454
311460927 7739
698420185 938
791627405 1756
585583484 3523
416563726 5251
639174686 9618
441404485 7011
133613243 9728
140138830 4108
739082958 9996
155988917 489
796555357 436
30771061 535
706546887 9993
149064335 6748
405794727 2741
738214590 2106
732388580 2887
312097166 5501
612594093 4077
425793402 8192
109363115 9218
381081056 864
607052334 3614
313300250 2964
672930802 3603
767107493 4448
635818550 779
189912780 8720
329713129 2593
273941654 450
535786441 1953
515515539 2
290440430 2336
6548084 6684
1000000000 100
999999910 89
999999988 11
999999912 87
999999909 90
999999918 81
999999941 58
999999981 18
999999961 38
999999926 73
999999997 2
999999931 68
999999942 57
999999949 50
999999994 5
999999952 47
999999963 36
999999995 4
999999965 34
999999920 79
999999907 92
999999913 86
999999977 22
999999898 101
999999905 94
999999967 32
999999917 82
999999957 42
999999989 10
999999911 88
999999968 31
999999945 54
999999921 78
999999974 25
999999936 63
999999900 99
999999954 45
999999991 8
999999972 27
999999985 14
999999962 37
999999904 95
999999930 69
999999919 80
999999969 30
999999915 84
999999973 26
999999951 48
999999929 70
999999903 96
999999943 56
999999938 61
999999970 29
999999959 40
999999980 19
999999996 3
999999990 9
999999928 71
999999925 74
999999986 13
999999960 39
999999927 72
999999899 100
999999956 43
999999933 66
999999924 75
999999946 53
999999935 64
999999923 76
999999922 77
999999984 15
999999947 52
999999948 51
999999914 85
999999916 83
999999971 28
999999978 21
999999958 41
999999992 7
999999950 49
999999902 97
999999966 33
999999979 20
999999906 93
999999987 12
999999953 46
999999982 17
999999939 60
999999932 67
999999934 65
999999944 55
999999901 98
999999955 44
999999908 91
999999975 24
999999983 16
999999976 23
999999993 6
999999964 35
999999937 62
999999940 59
434856908 3
264608090 6246
43414206 7615
184708657 163
200000 100
9418 7
1604 2
4510 3
9136 8
2263 7
4967 6
9213 5
8538 9
2445 3
6604 4
504 10
5186 3
2782 8
3717 6
4736 7
6782 3
2829 2
3146 4
7845 5
2549 8
4713 3
7531 3
496 2
9799 2
3196 3
7513 3
6184 3
7151 3
5000 8
7180 2
2877 2
8584 10
2561 2
7095 5
715 6
6130 8
9298 6
5610 5
6814 5
616 10
3913 10
1535 8
9250 4
992 9
4397 6
2923 6
81 3
513 3
1708 6
6791 9
7843 8
8724 7
6574 3
274 9
1900 3
4090 9
6793 9
6318 3
5124 3
9800 1
6308 4
2015 5
9605 6
910 7
4033 2
106 6
1863 2
2294 5
7196 2
4217 6
5640 6
8277 7
2040 7
745 5
2933 6
4923 8
8868 8
3226 10
9763 8
2700 3
874 7
6115 10
1557 7
2014 9
4666 5
4433 5
6664 2
8734 9
725 6
4760 10
1231 5
8149 2
798 2
4831 9
6014 9
1802 10
7808 4
820 8
4587 6
9196 5
497195639 1
33486104 725
378948135 21
320850117 873
347167052 6637
271848979 7270
217426596 9371
258409909 5277
317315466 7053
24174755 8704
175696727 4980
53735850 4362
302074783 4065
85472645 4805
153679004 3419
286749722 354
57682111 6431
250300412 6091
264085944 5677
366483033 7014
329140056 2684
201400033 4051
93959387 6393
325873536 8062
919517651 56
834557827 9603
626395237 5453
253708893 4268
187838991 6279
144647476 370
739079380 3003
208554315 7267
338229666 4815
403988317 2303
199578968 7140
645470076 5997
753528645 1201
352177187 1202
779052807 9348
585512860 8794
39040779 2071
886019231 1844
617126200 9897
21664773 6924
614248542 4219
247766554 277
36023937 5318
113183741 6786
430632624 5532
353796798 5651
527262339 1329
388488331 3264
189303301 966
878788074 2016
149350769 7411
106538172 2369
417186690 6641
897726935 2108
433551470 5778
70503599 2360
268453579 50
30669186 9398
76821114 452
183233948 9117
241196857 2109
868451872 8575
523054762 6407
301223968 4022
827861912 6405
131287725 8812
358974217 7780
600349594 4088
742041325 609
217047282 9825
649463615 5688
788034366 2390
402435312 7436
643477612 1954
879051855 9166
380606714 7345
131369795 9408
719689048 11
362063923 6510
518017573 790
677123243 3904
301389440 7642
451877746 6691
542649490 2701
155011783 7266
550968872 2395
213094424 1746
142226491 1768
202608728 7161
97738742 77
45114376 4557
31474961 1409
38636680 8128
37041451 9070
77431368 3072
14216558 2807
39144283 2612
41197820 7977
83103847 4505
22437509 3673
20509842 7264
40840475 6042
12130870 1505
32464617 7665
3867894 8496
10721722 587
35520740 8122
40973285 8845
44628845 8911
64110618 4106
14940537 5816
1844481 4307
90501680 8415
4428253 5734
80873825 421
74219697 587
78235152 5750
43833308 4928
25600271 9977
7905187 2692
93057039 7894
61963950 7710
43383354 7170
89315151 3968
13244123 4382
2426907 900
9418645 438
97736791 3965
23843834 2378
96431507 7040
80302392 5959
78475589 6424
56550161 68
53026676 4384
32170192 5936
78706900 7699
52121932 1166
54864369 3183
32659013 8159
21156132 7689
44312116 5604
7214788 144
15831454 9801
405153 7783
30286396 5578
4252071 2903
74652963 4635
51941291 8082
4287041 1551
67905961 9271
33045394 7037
22943051 6294
74216459 6185
22460383 4806
12999707 6690
837678 3175
77962265 1846
74493109 9458
19172326 6836
96291368 2724
50270818 2976
25784508 978
7384488 3604
75696060 5220
59534848 9680
14803615 1899
32972585 4205
548996232 4
271643893 342
144612296 8321
407279849 7989
497383104 9897
879091832 80
620373464 7274
185297960 7504
436482746 842
819910008 4958
714339562 1254
110340956 5760
350233304 2482
838152070 4840
124885399 1335
725123255 3828
434879597 3113
22562430 7669
646155652 2801
22627042 6036
359678778 6075
453269861 2172
188816716 5314
861857710 7284
391014518 2935
516291015 24
464386751 3787
355297766 833
182604887 5099
246695980 7430
462749714 8598
389985848 4933
650839719 8132
207990997 8812
744316373 1768
576683503 919
297512419 5464
299535066 917
311884211 2721
793320344 2521
683551897 2794
123508400 7156
610735178 4050
131420463 441
175294264 3462
555462436 2751
532601620 7024
788173426 8991
187717018 5152
35416767 7794
531859533 6494
480326270 8044
275999037 192
568300685 1909
846940721 1881
812651378 3359
709099415 5300
705709978 3796
616339070 3808
150471607 4236
291987024 9955
666165343 9239
164522812 6056
22125174 3449
274275422 9759
662944306 7878
471659208 5869
176597611 180
55924911 8717
489450716 5386
402895869 4407
579517312 8717
512748478 5763
333026390 5735
95033801 3450
481195570 5501
853581921 6485
413678885 6465
523984794 2904
408263097 7856
812519897 4986
803088229 1818
491536904 3933
135978328 5698
241110537 3320
780242854 1176
858685163 66
708253132 2223
420522643 7547
820270385 4514
474997242 341
369446153 1620
857475236 191
773802963 8663
28683835 4887
724496304 5015
505107887 7491
727271121 1063
27413132 7471
824945578 7058
640668023 5778
683406482 2710
324583202 309
718977380 8064
659586686 4308
225860654 5160
396716328 5518
541881402 2393
624502162 2230
829948921 7161
26907157 1977
44106145 79
80172012 1697
155520329 9723
246214586 5332
102465493 925
815721187 9908
320557177 2361
18806833 2015
262789104 2893
181961778 6123
422410921 1269
517642745 6609
151593129 9579
72127696 9256
631489323 354
380869558 1492
635271373 1992
123025480 9577
837113648 2179
606983584 4848
324882055 5500
33792149 9401
487406778 6299
764923404 9502
729256146 6643
406961899 5099
716380104 4424
833577951 2360
780426738 9257
828409186 4159
408244175 103
109513680 2757
406208514 8404
143513317 8590
858649733 5802
227324944 2539
120554972 8641
766780369 8635
812108627 8702
854783605 6748
191566073 7078
107660358 72
409267504 22
161566668 9533
282234482 7795
289594319 8777
246586684 5825
42441529 1034
259850080 5694
64147544 267
156372126 8268
318229235 2483
112011290 6940
375676624 9946
317814675 3014
283714819 722
132693362 5656
83670179 6779
287171166 8075
231246794 3801
326363183 7103
3605927 5551
140880991 9903
355758461 5082
185751593 4602
177870561 19
103220206 5920
54519421 1103
119297342 7912
127180562 3500
97194084 4774
9213595 1642
152452448 4537
9047348 6198
54677970 6624
102918685 2693
87444271 2771
80961320 8153
159979795 3733
43498420 6226
141335473 209
65853865 1750
173296799 2413
159001827 9691
14141901 2430
559431974 1000
485463003 9178
43281084 4692
394145205 4462
482383936 7678
151727266 3968
55592419 2851
106574516 108
45508792 3002
351575238 6249
32827607 5288
305390577 1084
323093938 6811
157265482 820
479808104 2628
228922610 359
312674569 5788
111122420 2127
103082531 8356
474741112 1615
64775027 9638
509308446 6458
479405842 2936
111618450 6156
193837360 8676
495278363 5353
113489620 785
49418492 4100
148303324 9971
379013330 4045
382261586 4386
356873784 3335
384931871 8970
32887931 2985
401406101 71
479755207 405
100694361 5901
357779144 77
169130018 1313
200168836 2612
558247146 4575
511312582 1946
211195235 7425
16103651 7114
414514647 7982
339723984 6791
264159446 2684
373647575 2207
10745749 8824
125547652 4291
449579736 9942
257870077 5031
458394599 3103
77369272 7689
290877116 522
132293037 2840
315305788 9712
1155007 5314
141145075 3806
214837819 6279
220657515 956
252412376 2077
482117250 1224
446525792 6242
461708178 3391
187548135 7916
84241265 667
143934448 1514
343412085 6813
294380993 9750
467286412 4770
146014879 9114
103490327 666
432296666 4080
542889705 4286
34178927 8354
458238744 126
117942872 4868
110151119 4694
304798450 3968
410246878 1958
128246359 5713
413763744 3489
544343553 5268
281267485 8822
24585071 7904
486905615 3576
522569512 6093
33809205 6252
63751760 1139
110362269 1866
388335185 6605
96685404 8019
108123150 1479
273106040 6485
457369815 9925
54297987 3876
518719087 5419
151419665 7333
125109820 7845
4044358 1606
558566867 5722
9971036 2775
306926565 9260
254527804 9186
487428538 569
230794994 1693
296142819 1924
366696670 5027
353741765 6751
109991167 989
67987040 9375
319037917 8261
126544151 9741
338433958 122
481599946 5901
389443481 9783
249169741 9561
17840208 5581
71021848 338
427699050 4028
363156262 5007
49166452 4147
169243995 3314
456731333 128
255594729 7814
150590713 2848
338613501 9175
483988946 5600
340207696 7898
78684878 5721
488263817 2732
436712661 6060
326767336 4756
405527942 7268
96152176 5683
42576406 9452
169193273 5295
43326934 919
147129546 1108
458154504 9318
484555797 4180
33662825 222
192939142 1719
269916660 1870
38348301 7262
538823595 3912
308912392 9625
248160776 9940
528991072 7950
481046287 8395
483817115 5569
537621543 2706
487129708 8836
71941004 8562
302815860 597
427101808 4192
290867394 9865
175940432 7977
353157198 7214
282218231 9767
122735118 8055
365004921 2934
551122120 3299
42864621 5452
471769196 7469
325255916 8283
297358355 7741
362511210 3197
318301975 2761
547190902 7915
253764766 4585
13899979 4634
292860301 3300
477321739 5941
177864882 2457
258002206 3761
289332177 9518
468578947 769
129372104 1227
116370994 5020
399393096 8049
130863558 3801
395239220 1723
128532729 6167
282718461 1457
478059663 4101
190122441 177
383270581 6275
430761177 5656
9631187 4431
210836147 4859
400668985 31
505511264 440
64577869 3709
428777168 7370
466010758 754
519439333 2575
106593528 3821
253771974 1045
191218339 7644
146828458 8891
272255786 5592
381894628 8023
367854653 5684
213717863 164
466163352 4533
455028234 2088
348282742 5583
332209586 1043
355047812 6650
431623995 8633
155378621 3221
291884078 5450
541175492 1739
147585877 4090
391632255 7389
138746367 4064
314040392 2547
175422421 9505
503978013 1999
165865544 4466
349046053 4236
61978940 8693
416580940 8812
489861664 4375
420316546 5631
156334315 2165
194420720 7560
108489878 5544
245343662 5430
422041173 5548
156848421 2010
391684047 725
521073332 3255
154058303 8150
272146760 9227
177516446 353
170747286 2459
558773138 7119
33117475 5093
57917148 1012
223426464 7316
469369655 1556
139614854 5569
413123264 1397
119251028 7732
109269673 9260
96386630 3799
296150228 3790
259992288 6039
556692133 4946
390708192 5339
236195962 2897
274963849 7705
455845638 2125
303635951 4395
477223924 3004
552984137 8038
272896959 4309
392238837 9892
193816379 6846
258994121 9645
287073262 9973
486182848 9971
164193281 7547
303086169 6471
557899638 4694
161874415 1813
397422589 5154
457206113 2071
304988469 9367
224183660 2302
299532065 4962
220563427 1194
59510558 6346
209605057 6102
140294869 9948
497946451 5852
95846899 1912
245982388 113
228314933 4727
195137397 1888
241515980 4938
231271993 9308
496771702 6630
390513536 3152
460402272 1561
515110732 6512
492749905 9398
207492634 6441
281370901 5958
539679696 2051
340790167 1742
479845346 2146
60850347 405
65018639 311
150000202 782
159387272 6790
27377889 2992
61534792 6290
57942167 1888
478522767 8657
101019734 5034
295695451 8126
462986216 6657
81126955 4189
55850466 5102
541012551 7025
97379035 386
188807804 2221
404739567 7531
329165628 8189
291146572 1107
273016925 2110
162774175 9320
28183574 4757
194781963 9071
538120281 1662
300359993 6780
344684013 6146
183970307 1202
101954527 554
325279054 8199
133121481 2102
218030009 7670
180235703 5506
446315976 6191
424178056 9146
267940137 1964
98616069 1126
218652997 2088
544603184 4972
236922337 8029
21012616 2696
328453409 7648
235526518 7981
94244519 3264
232567975 7526
46931128 4496
175038385 38
374783712 4512
532388789 4215
76976271 7974
15601506 9209
68059503 5907
49115085 1858
559149064 9423
304141478 6882
187631992 3274
219729039 7812
320325474 4286
269928775 1715
557725964 6025
162262859 4694
31561169 5642
351781242 9989
487565348 1011
525483300 1270
454581281 6909
380858689 3290
422096497 2920
15964133 3674
414805111 8153
472785843 6264
404211079 2066
267708891 160
183790707 9036
47007482 7524
233448327 6985
254130295 995
199620258 6887
65843051 1456
524594486 5496
137645370 910
99231613 7757
29412651 8518
348047441 3950
113922526 4226
262224399 2226
325288707 283
469404099 2731
200133730 8995
492134379 541
140526046 2116
161326965 4243
219649372 6316
96209276 1235
378624471 4728
401133378 7057
332839175 5032
528907187 6267
406466046 3005
235702273 7850
313920439 1813
250358068 2893
52471269 6715
40581885 9684
95093828 6156
130285057 2763
177703400 17
446947094 3760
417541817 3215
13230621 2457
261574459 3852
319916020 7751
535476098 8672
75915676 7184
194836655 7482
197437798 1081
337258415 9864
6076416 7877
96193816 9582
468199799 9648
188030449 8138
129294724 2840
147118292 4382
334105453 4313
466445344 2680
302326152 6221
94967552 8333
196878884 2475
132514155 4142
228154776 1746
374982730 190
220425363 2870
28667619 3093
232129527 1281
262115374 4404
175831757 4352
443142940 8957
540114977 6297
419887918 4580
313329053 4125
321209263 7195
554899828 2669
435847429 5157
310171658 8159
209755788 4150
547888343 7601
40991956 9096
16675305 6329
503696044 1849
18276909 6863
57513513 3701
23550456 9837
32377163 7339
104115351 6911
22696272 7604
361204578 3605
521244371 8320
554752560 969
544721631 8291
165232255 3841
343206987 5760
235420476 1379
355682201 7621
198567060 224
333538918 2205
162141103 1531
530495768 8408
69467718 1982
34413310 3605
182934360 2219
124402595 447
376964539 4026
139676793 8047
508799321 6687
557493000 9950
546149999 955
397229656 7528
491105496 9104
392412747 7195
557629378 6034
385425765 8818
553050593 3085
472665012 656
95244721 7766
263343998 3109
42095482 730
470886646 2763
275826019 5127
280965890 2887
536437432 6712
343405537 4111
248635846 6319
354040815 6980
516540256 2873
442902278 8025
394315287 7683
463710325 9010
383524741 2321
219263194 6011
302334593 5042
279131628 7519
347579356 3616
501749588 820
498738919 7770
357555917 8156
199051687 3374
171128738 5664
23177929 287
458723533 5877
298065154 2590
425569841 6488
103724133 9275
168894121 961
470607442 809
163149599 9573
421467540 2043
182541239 5909
28824177 9255
178194977 7093
522787652 56
193544053 1960
374314514 1893
352212760 6027
505790884 9830
131537801 4016
514202658 5620
467746538 4570
84254909 6766
311542254 9474
12246850 9937
113844787 1108
143302643 5685
271089907 8195
508578960 1938
237550836 2703
78777629 9525
195724342 9850
237255973 880
384282843 5216
347247859 909
429877912 9164
197914306 976
435811131 3460
176418017 1669
399507547 8832
272354257 8263
437007338 1268
53701661 7185
366575874 2661
13084463 8586
137806133 6194
433748531 3689
125486455 2996
217254623 1275
38709980 1764
241501545 7298
489682147 8125
400562348 9587
388480145 1587
223894848 1309
503365515 947
207713576 2785
405901946 4797
423479116 6193
535417884 3750
113651830 6405
71783428 1807
417712428 9111
330561123 2354
244341808 2299
452101424 5025
433715792 5172
295150346 5100
106913636 9042
177601972 9679
281679362 7030
289203226 6542
145904506 8836
374165520 768
49052948 6686
72399048 5018
236699793 8084
146222702 6833
280153044 1628
388982961 7323
552084793 4383
418294068 7119
4335274 1221
228202162 3783
89771899 9656
71365857 8365
148124430 9751
338826588 2685
206039308 3049
337645128 5735
347303606 589
350296758 8807
311212049 8430
303078743 2152
513555652 7916
111795315 34
550043424 4528
201798360 2072
108152711 2101
25111203 6949
433303607 5403
146603273 8418
207488086 7980
88938991 7772
197215146 8071
467568849 806
352682270 4919
328864432 3495
285840262 2231
223654245 5814
243720771 6170
271228060 1052
320718306 1425
109530885 2106
234018916 9988
364908380 3411
269166556 4237
200600124 849
225856140 458
286069002 3796
188720529 6239
382206522 3452
555930906 4657
276465246 627
555488832 4076
88684928 8943
373424123 828
535550475 6684
177498797 8971
23035431 2824
59547796 2385
205336989 1685
60787178 4300
354354185 5523
59271750 3121
555176574 3613
197745795 2703
490007645 7491
9337663 9201
434364446 3547
450406248 5639
485773256 2219
235736914 7483
309170034 2015
155987351 5308
150839751 5121
101553818 6492
197403611 8063
387374589 4514
119140586 4619
136542001 8291
399651965 2675
153507305 9290
181087830 9691
162107966 2076
344363323 8005
197973151 263
272761531 9378
306872850 3609
49572113 4502
155743517 436
554159940 798
327338494 5905
550450918 1754
36458675 4746
8096313 287
431944226 5630
78020710 1533
141730136 9503
161847082 8440
229109586 6873
91148336 6757
163610455 5735
332601479 512
11937902 9551
85175041 2850
222195667 4060
243812436 470
216240113 9086
541278739 1880
70721851 8295
98206275 1385
199332406 4013
84172000 193
526172208 2237
104594526 5033
352702685 2981
316106662 709
521586771 8106
345359151 3156
299483945 1848
339786087 4110
509696529 6887
378296332 9332
49354624 1361
341690978 8337
206732559 7418
423806104 9664
284186320 5140
528362098 9972
110643168 6772
438293249 3775
371189558 3083
349699850 5768
227402018 649
539959131 8385
350828666 9441
416484906 1422
252322805 4145
132734487 4006
314502738 5907
142131177 3146
529116953 381
410721828 1093
42900848 3976
370229699 3735
357889258 8163
167434283 7323
484551270 3298
253375389 4953
550621085 7471
543622090 2402
389386457 3281
86049210 2071
59317530 1294
67183486 8845
531692193 3169
504040408 8669
322764415 5013
523521029 3212
171131579 6493
455082162 6303
132724647 1987
319980149 2089
145503334 631
325316101 8233
24179358 8201
120763259 5635
501915591 9711
200400709 8410
503733004 9355
306621705 8019
173292194 8925
347409342 2709
346629091 1817
51468073 2047
447819141 6476
395343364 1593
172454679 8998
346028635 3072
227624580 5640
330156463 6618
103293319 3346
535986068 5061
302343864 5216
263001677 187
533837939 2057
140119382 3632
165701432 675
21531719 1179
127680056 6353
26820094 437
120551982 111
194353163 7369
226911170 7376
275429906 7074
491427988 8135
278304066 843
155669360 8251
279974941 65
265092011 5045
347906366 156
288243826 912
471259920 8142
383952011 1572
516172282 7885
82644971 8947
223686283 9802
113532359 2569
168123167 4142
111385175 7691
302861083 1781
499963895 8391
402371867 7228
110684580 7782
530642210 2075
365086091 8129
511169814 8279
79446391 6454
75944674 1504
304265472 1236
370498407 9714
286105314 5208
439900773 5876
421079157 2275
326905154 8945
21278942 8986
486050848 2214
152709996 998
127291552 4472
316015883 7431
200402460 5399
218314694 9261
57917104 4297
458414297 1676
624456 8757
229133193 8872
387487151 5519
53282220 1238
467736110 9559
304959444 7075
411795362 4549
506685448 1133
79417351 6640
445465131 7185
550138533 4965
540789519 5584
509566691 3766
192835712 5789
46844029 1437
123130658 1930
485748183 2812
380909026 1443
520870114 6242
132468353 7619
342931624 4777
479592984 9474
434850973 3707
219782770 1102
200978751 7917
174547159 922
426889498 7268
202623274 6313
480406930 5033
349956429 6429
211945458 9912
551656969 5161
523217963 9647
233370777 3078
522822650 5374
517361862 6410
270014472 46
455965978 8273
257686296 7845
294686465 7122
381357334 1587
315768899 6191
455993693 3799
6882991 4649
478230175 8273
339094044 8009
330845465 3004
376932854 2072
377321734 6220
44460411 1505
213031341 523
154576033 1993
161570704 2664
353021279 7539
414593785 1064
103053803 4557
481240327 1640
21739670 5190
63609247 5027
270966485 7386
354091176 4040
247639632 7132
296667171 7009
437494079 5568
65836302 2555
97757921 1291
231523208 3397
410876588 2215
479914503 9144
373514974 7782
363046314 5898
158056383 4148
368769375 1028
243769246 7699
374510586 3289
126374241 7073
482739417 5659
474972244 5127
144409517 5485
214658077 6837
508996232 2584
241111490 1214
38364528 7811
11247908 7702
189741971 2187
262595540 3229
152236179 2112
228491320 566
192541978 1241
243602622 1003
433670043 4137
369711149 5647
305471331 4611
228302078 9009
381397057 2035
139604749 6657
243370774 9806
442002010 597
534422647 1026
53093838 4468
126429133 4323
191085188 5192
545738917 1123
267739012 3397
312413018 5437
184857622 1913
399155061 2638
43596027 9533
486872703 7110
35034118 6208
66636908 9025
42035085 5687
462219310 3196
465743699 4331
336523637 1611
364697523 5056
321777612 2499
91807871 8718
46128713 8237
102373585 8537
456871938 5345
16585414 5055
248982932 1726
186237229 9291
260444581 3731
41627757 4496
557299819 1039
461521290 6357
201187000 6233
105659077 4858
373418826 1876
102458044 9052
454663175 9231
142433737 6747
394997488 3761
113085869 5343
250684947 2108
330978345 428
434399834 1950
397455066 399
258844771 9946
468737845 2694
533711860 6960
366804484 3409
345095784 459
363394823 8135
60971502 2966
443656582 1276
505693180 170
197984320 5898
68027569 4361
355419922 5492
468577541 5764
72886849 4700
455176521 9067
178312553 1898
460891050 7892
84380292 9255
52031680 6671
436366625 2613
222629062 4174
466545159 5373
407005464 6548
174211466 4238
199666145 4516
391331179 9947
73720497 6500
186291795 4564
237586283 3009
131648214 1647
36786247 9930
141520993 2371
247607461 8316
62549532 4840
486817236 4152
215286526 1030
459842469 4108
257601655 6795
389118298 8756
396669964 424
440452975 9860
341648577 4856
348730918 7915
245636293 9062
403514778 2258
202572264 443
340520061 7170
105696857 3756
201769522 7809
201385750 6946
341039331 5776
528609649 1549
446670576 1276
168876526 1847
234804627 2148
532557698 5807
60769921 4163
304277380 10
69267825 6234
25447423 595
100646893 8262
291138852 6368
249971987 9420
255979796 3151
174189665 8483
145225301 7055
137557994 8039
87036274 563
54314590 25
6661655 1914
21756312 7930
26654730 1988
26834941 3608
26054954 6208
22372474 7502
24834050 6821
10775312 9332
48490942 4434
13452035 6626
18638015 2617
6347590 618
33854087 5894
5620014 6056
22113128 1718
6029357 2702
9969513 9874
28526654 3634
32455622 8179
35330998 4661
30692231 4202
41777250 3247
48166048 8974
37351003 179
42308503 4696
789199338 1
15568944 7922
945724546 36
771968905 705
807859104 8517
96896559 2237
571221859 480
603821652 2185
147070927 2897
401201558 6382
703116275 6576
15054137 3584
45095099 8892
635925255 2905
236093016 7108
857324322 3827
303503739 6541
421868114 856
425150223 4524
254468475 5734
146767275 2264
140369242 1279
395303603 71
407071916 2718
606755625 5009
271390360 6908
574642958 2344
135624186 5038
772052780 74
630803177 1437
20312068 2002
98133716 143
677098814 1421
638944782 2847
357635969 1979
510925155 2796
650512164 2248
608944189 5732
899868038 7931
644065686 100
5335394 2249
232468291 1551
477989565 3481
180702424 8150
102668022 337
133233006 4122
550659674 6593
423217045 4773
611140997 5395
496376108 2056
174307274 3727
320095231 1867
421223723 7692
87704409 2356
64126542 5695
36095981 5022
386138405 5440
267335768 5293
292604925 924
186605887 8158
95805749 2892
138836254 9062
323945390 7376
230338236 2271
501234683 8377
142556645 862
295475184 8026
604891827 3217
12801204 2682
432766075 2262
347560407 3528
76014524 1067
346976182 3293
268123352 8520
569152354 5057
30970994 5887
351546893 3679
200040371 2732
113699026 5386
402937576 1974
169649247 6418
38952728 8510
337671535 6962
442656843 1242
624699717 6354
480896235 9651
470683236 1896
643722795 1601
150119446 4564
134465328 45
330310682 9036
52135296 125
89199117 5992
327248634 3305
462692154 9320
200285725 666
606281058 5799
38040665 723
341269448 5293
522102783 5013
590252248 4502
589375438 9342
345773545 129
501963016 4006
306163030 1402
200512521 2122
374017295 6421
348052950 3477
387325943 5493
489627814 6752
587230597 8638
543213919 4027
19774342 8881
59420326 7371
514392558 7
72057656 7080
281211407 4998
353828899 4917
175925095 324
205383488 9263
379648481 8335
313396647 2168
337772625 4008
564885561 358
477365925 9649
483847441 6745
148563488 9265
266175280 7338
538866932 2021
639876436 5528
371107598 236
134529471 5677
383057608 4164
332893708 4671
331100878 4135
262464178 4879
265154689 5214
189351343 7746
546224121 4910
14643208 4453
200000 1000
226 9
9808 4
7566 4
8600 9
1123 8
9087 3
6060 10
6269 9
4371 3
1939 3
6451 5
7125 2
4202 3
6806 6
3274 2
1161 2
9184 5
8981 9
642 8
421 7
4907 5
7418 8
9229 4
3374 5
2449 6
6342 6
1940 7
1016 7
4575 7
9526 7
3194 8
415 5
9368 4
6903 4
8006 10
2150 6
1600 8
1134 8
5819 8
4915 8
7836 10
6553 10
6462 4
6176 4
3491 10
9653 6
9709 9
1716 8
5845 3
2494 10
9186 5
6894 8
2693 7
5810 7
1304 10
7826 4
9969 9
3606 4
8064 8
960 2
8141 3
437 9
1372 3
3184 4
826 10
1743 9
9576 6
9514 7
9210 6
4883 2
9418 9
2278 6
5954 10
9757 3
2138 4
8452 9
3136 10
7699 10
2146 8
6687 3
4523 7
7345 7
1347 4
8073 9
4968 5
9529 3
4882 9
8875 4
4038 7
4903 2
452 7
8174 3
3003 10
4555 5
5814 4
9020 8
2349 2
4521 8
2419 7
2778 9
5204 6
3918 2
3493 2
115 7
6950 6
968 10
4358 10
8511 6
6209 5
9040 2
8044 4
304 6
424 9
1452 10
1186 4
631 4
9818 4
9237 10
3909 6
3965 7
641 5
4971 6
6534 6
9646 6
7859 8
5522 8
7343 5
8809 3
9688 9
5807 2
5805 4
9270 7
529 3
2402 2
9116 4
3480 4
3313 7
5043 4
5856 3
7076 6
4387 5
4249 10
1478 9
9889 6
2465 3
6492 2
7890 10
4756 6
8788 3
4706 7
3791 9
8431 6
6750 7
6659 5
2598 2
4179 3
5419 7
9187 2
998 9
1152 4
5309 6
9573 4
1534 2
5323 5
9578 2
5292 4
1543 8
8365 7
1288 6
1344 3
9102 2
3469 6
8264 6
6633 5
3468 4
1585 5
1936 7
6744 10
1176 7
2992 9
1510 7
1385 7
8437 5
2807 7
2790 6
3768 8
1678 6
5326 3
4768 2
1512 3
3383 4
90 3
6379 4
2960 9
9910 5
9101 5
6251 8
6089 9
4889 4
9754 7
463 10
6578 4
2702 2
1493 3
514 6
4427 7
1694 6
9696 2
4238 3
5073 7
8605 10
6450 7
6119 8
838 5
5474 8
8209 2
5052 3
6804 10
9571 7
5477 7
120 10
6184 8
2461 8
2618 3
9921 8
8876 7
9145 4
4557 6
3590 9
6619 6
562 5
3908 2
6838 2
3150 8
793 8
420 10
1765 10
8341 9
6341 3
4233 2
1675 3
7428 4
6847 9
1559 2
6679 7
715 5
1890 4
5418 4
4885 2
4051 8
5385 6
4562 2
6710 3
6606 3
5693 3
7045 5
784 9
3725 4
746 2
6139 4
2710 5
8501 9
1509 5
8978 4
4448 4
5234 5
8393 7
2959 3
33 9
3104 5
1631 6
9548 7
6194 8
8914 3
2477 2
9076 7
8922 8
6189 5
8685 6
9119 6
416 7
5284 2
4633 10
6951 3
3826 4
7319 8
51 7
7433 7
5189 8
6577 9
2577 3
4746 3
9489 7
272 3
9999 1
8247 6
855 9
8556 6
6363 5
7814 4
3661 10
995 5
3867 10
1130 7
3497 2
4531 2
61 9
4117 4
7324 7
282 6
9565 6
3255 5
4508 9
3944 8
1978 5
4870 3
1483 10
460 6
4678 10
4622 4
8189 3
9278 3
7190 10
6370 10
928 6
3612 7
9216 10
5045 8
8959 6
990 7
5623 8
6848 4
3752 10
9133 8
8555 4
5945 10
1107 9
6398 2
7585 2
296 3
3122 5
1680 5
9804 10
7934 6
3886 2
3971 3
3742 3
9689 5
9121 7
9819 4
7848 4
1963 3
9685 6
6943 5
7041 4
335 9
16 2
9627 3
8386 7
7327 10
6144 5
5513 8
4039 4
4271 4
957 2
7952 5
9104 5
3404 9
6665 10
3532 10
1226 8
377 4
7334 4
8144 4
4003 9
9643 4
6647 2
4348 9
2629 6
1032 3
4322 10
3969 8
7218 3
7204 2
950 2
9662 3
8093 5
6254 3
1736 6
4690 2
3647 10
9521 4
7370 6
9335 6
9392 10
5842 7
2328 5
4857 2
6276 9
7513 2
7184 4
1378 8
9686 10
8371 3
9589 5
5853 10
3206 8
3766 10
3165 8
3002 9
1445 7
7630 6
2586 10
4970 6
7272 7
7206 8
4192 8
4419 9
4823 5
1174 7
3915 6
6301 5
2244 6
2227 9
8712 10
3030 2
2331 5
2084 9
6237 5
8929 6
2111 7
8690 4
6860 8
5111 3
2496 9
2317 6
1973 7
1205 10
6358 3
4547 10
8275 7
8274 2
1563 8
4900 4
6376 7
1263 4
6021 9
80 8
2692 2
1873 10
6565 3
406 5
1233 8
6081 5
5482 7
5648 8
2266 4
504 8
9972 3
5993 9
8036 7
4241 8
263 8
7257 2
6279 8
9493 9
2779 10
1604 5
4025 10
4540 5
5865 7
4886 5
5170 10
4315 7
6763 8
7704 9
9115 5
4600 3
4670 7
8192 3
9450 2
8755 8
332 5
6320 3
4285 4
8862 4
9492 4
7366 5
2730 6
2170 2
5205 5
9951 7
525 3
5948 7
1052 8
6236 5
2201 9
8161 8
4428 9
8724 3
4772 7
9797 5
9569 10
5274 2
6010 10
2340 9
9683 4
1000 4
3520 2
4252 7
3591 10
9539 6
454 7
2522 8
7200 9
5980 5
604 9
8020 2
311 6
2591 10
8433 4
9431 5
242 8
5655 6
8124 3
3378 8
6554 4
1168 3
1833 3
1243 5
9733 2
4757 6
8176 7
4434 3
1171 4
4126 6
3111 6
2241 9
321 8
8105 7
2542 3
5277 8
6885 3
3844 7
5709 2
7752 8
3460 3
5358 4
131 4
1081 3
5126 3
2694 4
551 4
5736 3
4274 5
6230 6
9232 4
6391 10
5228 8
7549 8
7430 9
1156 6
6814 7
2569 5
8994 6
6892 8
2300 10
4258 7
4041 9
2156 10
6479 2
1369 10
2661 4
9225 2
5762 8
1098 6
1354 3
7223 8
9583 5
6911 9
3663 5
5759 2
4679 3
9347 5
9178 7
3125 4
7963 3
1681 10
4808 5
7686 8
5541 10
3333 10
2430 6
9741 8
5215 10
9212 8
7528 7
8002 8
1427 3
3221 8
1755 6
6854 3
5645 6
3231 2
7947 9
3129 9
7025 6
3302 9
1294 4
2637 2
3993 8
9350 4
5156 10
7884 7
9409 3
6582 8
4259 2
4596 2
4798 5
8231 2
4587 6
8276 3
6357 8
8803 4
2683 3
922 3
1280 9
7965 3
3641 4
451 8
6717 9
6852 4
4317 8
4635 9
1054 9
1173 6
4860 9
2582 5
6856 2
5000 6
8056 8
6058 4
6886 9
2022 6
1883 8
9269 4
1030 4
2997 4
9207 8
2450 2
842 8
7689 6
2954 7
6995 3
1343 9
2806 10
135 7
6641 10
6290 3
9807 2
458 7
9081 5
5382 10
5873 9
7637 5
5219 3
9935 9
1990 7
5796 2
4341 7
3823 8
977 4
2540 6
6182 10
8055 2
1261 9
2704 10
3794 3
7114 9
2766 9
8080 6
1897 8
8988 4
3603 9
1480 10
4617 4
2833 5
8100 2
5074 10
2310 6
9234 2
1959 3
2466 9
9354 5
8585 3
3400 10
2369 7
8563 4
1966 6
6287 7
4457 9
3247 8
5545 3
5086 6
880 4
5341 7
9455 6
1330 3
8156 3
1542 6
1662 2
3380 4
9038 2
8923 5
1683 5
5455 8
6787 7
467 2
4671 7
2189 6
8657 10
310 8
6786 3
8085 7
3770 6
6924 2
9088 8
5616 9
8522 2
5311 2
6355 7
9979 9
241 4
8915 4
15 8
9938 3
5121 5
3523 10
1111 6
6981 10
3769 4
4661 5
1613 4
8638 6
7782 4
1528 9
4955 2
7010 2
368 3
5216 7
5598 8
1593 5
5467 10
2734 4
3677 6
142 10
3926 8
8870 6
8027 4
728 10
1688 10
1165 4
2493 4
6675 7
9061 8
9474 10
1492 4
4450 8
2354 5
2382 4
7146 6
6964 9
3892 9
7852 6
9564 8
2684 3
9778 8
7286 9
3120 10
9998 5
2928 7
1875 5
3646 8
1050 5
4628 5
3432 2
7515 8
8265 7
9371 5
3164 10
6705 2
7923 7
4214 2
7489 5
2672 2
3038 2
4134 6
3168 3
4361 6
7860 5
4084 4
2457 2
5139 3
7037 8
8632 7
2589 7
7105 9
9434 6
5903 8
6121 2
196 7
5068 6
204 9
3856 10
4688 6
8225 2
190 9
8990 8
6270 2
4504 8
6116 2
1760 9
3341 8
6073 7
373 7
1630 8
3492 10
66 4
7532 6
4859 9
4500 4
7770 6
6242 6
2020 5
2738 2
6508 7
237 10
3350 5
820 3
315 7
7604 6
5826 10
1159 9
6769 7
6745 5
9426 8
8597 8
9240 5
2107 2
8395 6
6617 4
5778 4
3241 3
8396 4
8069 7
7229 7
4824 6
6511 9
9929 5
8500 9
9632 4
7997 6
4297 4
270 8
8768 9
4269 3
3802 10
3345 5
4410 10
8118 8
9348 4
3703 8
4805 4
3196 5
3450 5
9814 4
5758 4
5613 7
5719 4
3893 2
1254 3
8414 8
9948 4
7583 7
876 7
3736 3
375 10
2628 10
2166 3
8927 8
9734 3
5112 7
9850 7
9202 10
2518 6
9847 2
5580 3
710 7
6683 5
9876 4
7034 2
92 8
6044 6
6070 3
5877 10
4145 8
6404 6
4182 9
2669 10
8435 3
2137 6
6172 3
4359 5
6968 2
7672 5
7992 2
4503 4
6051 8
3216 6
6965 5
4525 4
4236 3
8139 7
1169 7
2251 2
1318 10
1976 2
7266 6
5231 4
6942 9
8823 7
8196 2
4151 3
2482 2
8543 2
2067 7
5409 8
694 9
7363 9
8844 3
1881 8
595 2
9623 3
8554 5
8983 6
2386 3
6366 8
1466 3
1691 10
3994 4
7194 9
2755 8
5450 3
9762 9
7655 8
4989 5
4778 7
6935 6
399 3
619 5
4162 4
6210 8
6377 3
3396 5
6897 10
6143 10
1731 8
1312 7
8798 9
2399 7
9856 9
9094 7
7976 8
1853 10
2843 7
8463 10
940 2
773 5
6543 4
3786 6
8599 10
7248 9
4951 3
4879 2
7818 2
7432 10
8140 8
2153 6
4188 7
3907 7
1885 10
5968 2
7849 9
882 3
860 9
9745 4
1697 6
9161 4
3082 10
9333 8
679222286 100
658485728 4885
342143789 3927
221233074 1478
476192302 8727
552597700 2539
646538957 4069
579839781 2408
401361947 8334
222970796 5539
646727597 4921
289654529 5741
138635157 2531
536897249 6550
455263485 9787
127074169 6672
387679951 2334
108921916 6374
479847948 9162
543995433 1951
146934764 3502
208977788 7286
313363458 3992
407290451 6279
213704395 8262
576629593 357
403837908 8475
294110265 1038
212368080 5231
11497743 9769
182640476 5831
25669082 1126
247729904 4697
289031619 9417
108898302 6932
125685902 554
15450131 629
261782310 5628
633119019 5193
371545517 347
487664732 5804
377892746 6477
544606559 5561
61520285 7842
190872487 5197
646526849 9831
117843662 4179
118571196 4152
557229486 7507
491163572 4286
335426036 5994
518276745 7821
166507490 5743
86428814 6454
365393078 1214
648219625 9141
333117596 224
328130056 6787
627128202 4437
87223142 1417
376371129 5938
138745434 6466
549701549 1561
591462706 919
338861858 575
160583828 8867
53436731 4982
625545027 1623
129282204 7892
48365816 2464
65591322 1752
586279452 4476
175545490 6694
38547293 5787
251000581 2212
349104196 5808
372804363 8587
254743925 8214
554767513 5452
441211490 1203
342864058 6502
265764242 8270
157480819 8014
189722986 4234
95953117 836
614088462 9302
308834679 1857
96275610 9539
585439652 7899
299307666 557
86457326 7061
83912582 349
328415877 83
339319979 9455
289998749 5463
471569481 5376
207192241 9477
88546907 9316
368738029 680
484071134 6103
563582801 2466
200000 100
4785 7
5417 6
9981 1
7453 6
8543 9
3649 5
678 4
6764 3
1620 9
5834 5
3320 6
4568 7
8944 7
9535 4
3238 8
7935 9
6057 2
8952 10
3152 10
7997 5
10 9
3970 2
8614 3
2380 10
6476 6
597 8
9487 10
9629 2
1991 5
2417 6
5671 4
4283 8
2752 7
9418 8
2397 7
5565 6
9910 7
1681 8
6816 8
6072 6
5986 8
8074 10
8401 7
9347 4
6597 5
1141 6
6538 5
9208 2
5900 10
6361 8
8002 6
7797 10
4402 10
7650 6
9435 7
868 5
3418 7
5000 4
8181 6
9852 4
1881 9
8659 3
9722 4
4770 2
2852 9
6146 6
2721 3
6585 5
5654 9
7575 6
3030 2
4811 6
2651 3
8884 5
2493 4
1851 10
4777 4
8482 10
9562 7
7422 9
6960 9
7821 4
2791 7
3889 4
9564 2
1831 4
2767 8
9464 5
2681 2
6520 6
7563 5
521 4
1999 6
1565 9
1374 7
9331 5
4722 9
6701 9
9980 9
8722 8
1000000000 1
1 10000
1000000000 100
914000000 1
953000000 1
937000000 1
933000000 1
984000000 1
950000000 1
961000000 1
940000000 1
944000000 1
989000000 1
962000000 1
939000000 1
941000000 1
966000000 1
975000000 1
981000000 1
973000000 1
978000000 1
936000000 1
930000000 1
960000000 1
980000000 1
995000000 1
988000000 1
947000000 1
992000000 1
908000000 1
951000000 1
999000000 1
906000000 1
994000000 1
990000000 1
910000000 1
913000000 1
902000000 1
959000000 1
972000000 1
943000000 1
964000000 1
987000000 1
915000000 1
974000000 1
935000000 1
963000000 1
926000000 1
929000000 1
996000000 1
922000000 1
968000000 1
982000000 1
917000000 1
901000000 1
928000000 1
971000000 1
976000000 1
904000000 1
923000000 1
909000000 1
956000000 1
942000000 1
958000000 1
946000000 1
997000000 1
977000000 1
965000000 1
932000000 1
952000000 1
949000000 1
916000000 1
957000000 1
918000000 1
993000000 1
911000000 1
903000000 1
998000000 1
900000000 1
924000000 1
931000000 1
912000000 1
986000000 1
938000000 1
905000000 1
979000000 1
967000000 1
991000000 1
945000000 1
934000000 1
955000000 1
969000000 1
925000000 1
954000000 1
970000000 1
919000000 1
907000000 1
920000000 1
985000000 1
927000000 1
983000000 1
948000000 1
921000000 1
36757775 1000
6614598 1822
2807953 5652
23758383 5436
6911098 6373
1788398 5605
21656613 8195
2187166 208
9921045 1899
31908113 5901
35466885 2655
19406155 9148
10105452 2213
3685191 3117
25326191 105
25210531 209
8277416 7120
33596452 267
18906851 8390
19918123 5577
6048220 3482
10401056 1542
20476746 8362
28703409 2718
12327692 2744
17242783 8958
7052423 7773
15585506 7080
18404684 1509
4815711 1176
16113199 1655
32029329 5109
14463110 1611
12925756 4649
18176392 6356
23082189 1087
2172551 1273
21052578 9659
7959593 6673
15240363 9161
4252943 548
4269203 3493
35287927 515
17586650 9588
1173658 1018
8190110 140
307311 8633
19613191 3456
32087302 3352
33693963 8871
25749572 2189
32458856 3249
32551807 2062
13303321 5456
14642914 5610
35096997 6722
24015512 2918
15434846 7012
36606592 6977
15725273 9635
11837266 8636
15683170 6723
3879906 4458
16171003 6287
32496941 5941
14188047 3425
26898690 7123
21432545 1635
32236533 3899
20499895 8340
910473 61
22624443 1114
7793077 668
18096710 397
15376892 3161
10767531 8590
25004270 6334
12692435 1133
17846184 9126
19917207 2340
33338137 2999
5030492 9510
1069079 7799
1925038 4047
8302999 5529
14029043 2787
4332784 7203
21788398 5468
8126675 4362
5978688 6219
10052764 8501
31516235 8851
1333308 233
2381019 9795
31532818 8031
31946440 4690
16881004 5604
11542059 4207
16493302 7955
22262411 4043
24289702 9125
7330727 1996
16805638 6984
14875431 403
928484 4260
22848002 681
34614014 9401
15936243 6671
20002337 7245
36194556 1372
20583554 2729
19612216 5065
35753651 8270
23794465 817
201186 4047
15614995 8353
16527936 4894
12275637 6261
1942400 1293
35717518 5444
32423316 5846
27646639 7742
33429399 5372
10607824 8221
13609138 5400
36069388 185
15387486 7164
35731171 2656
23406093 2716
19474365 3428
24195301 5215
3958682 6525
5411102 6902
19469223 9165
17309447 6092
8648879 9958
17925557 1063
1676333 6085
21692270 6713
35592872 2143
35845640 4969
17560575 4924
35470703 9286
32734579 684
657730 132
31383598 7947
16709561 1170
16971421 3325
12691362 1737
8426300 5403
26143761 2995
6654821 3613
24796334 5206
15057205 5405
29704737 2917
1208480 5389
9174673 8599
27214655 6483
23479589 2539
30803344 8368
8825566 1070
25845924 4935
19130001 1958
35910515 5807
19114345 5098
19417040 1218
14868123 6158
34047542 3447
19351849 4263
14350270 8659
9403388 2037
21908814 7837
17008530 2234
3472925 5987
4982459 7326
24871680 9189
17424359 1148
8453641 8225
14610586 3242
16926245 2076
6585520 2815
30722379 646
23943 2253
13240920 6399
11208710 8178
25438700 5972
32486479 745
11672635 1013
5743683 9030
30375706 3426
905312 6511
32248549 1680
29557141 9339
3026087 3102
34343141 3270
12830465 6905
1507133 358
12077952 2873
16538808 3724
7640717 1528
28307838 738
7393180 8665
14412500 6170
3044829 6855
9573649 2769
7234561 9871
27618385 660
6897302 2137
32998121 6623
28635384 8807
21409364 3919
21784893 2738
30184218 24
13890488 2242
24220398 6018
34040287 2032
15250074 1248
19729548 6753
10371920 2932
592118 4333
25086065 3228
26224589 2535
25149874 8938
28547129 4787
5201104 2182
6885152 6681
27463430 1371
34243566 6092
30273717 1204
21055689 2364
7956452 9038
1645927 1567
23172513 6600
13458976 289
914142 6952
24043746 3527
12405553 2219
11741047 6032
21301287 2802
23485250 8606
6270808 5902
34152704 6241
25237780 4645
25511457 8297
456291 3207
6530941 3005
21931147 2142
12881882 865
12793975 8942
11202718 9165
27643656 8927
15759959 315
1225453 5523
9414993 4016
16752427 39
24274184 1515
35106360 2668
33170672 5134
26911994 990
13325085 3189
23154920 5746
1590766 202
10139379 7142
15573993 9654
23641450 6012
32254043 6231
17998511 7718
1545254 8648
3921655 895
26332981 6323
9459597 857
18380848 1302
20376586 6594
18996460 7880
27291610 8234
16129451 8785
16065791 1448
25633881 1350
22557494 6750
18904858 2939
7617996 2913
11707413 5271
16801105 6175
33941190 190
10052175 2320
33791016 7004
22650579 723
17636110 1657
20956031 3249
32213143 2759
9606695 7603
36340445 7469
35841329 7221
34881090 2631
2961275 2458
36457083 8120
28924221 3800
11798548 5111
34584477 4260
2742576 8859
16967397 4673
22665712 5797
11520287 8017
27110613 5472
22628518 7958
4905599 4757
8672984 6336
11120748 2515
31599929 727
16338306 4982
33110952 4466
15829223 3339
19629630 2706
26189725 5025
4391598 6876
35502779 1968
20479560 7562
504591 4592
11556544 3456
1789484 6518
22457980 8067
16848294 6345
22009424 9479
4799279 9298
10018409 2665
32944554 5376
6876125 3801
27017912 7751
17129194 5495
15179095 8922
23912388 320
18196629 2477
17210390 2572
34591109 5231
30507359 600
14966685 7719
13349250 5279
31706793 9209
14156837 5403
14665378 6867
16038086 8737
24613563 2943
24023945 8447
30616437 3133
14686426 8346
20034317 8650
25568717 3831
2772298 2971
5585680 3518
21186016 76
19557049 687
35271601 643
22328027 7873
13559037 876
10191382 1203
21541361 8640
5172302 2803
28180607 1743
26715279 6205
35635769 943
26234879 2602
31664037 4531
10097085 8680
11994427 2534
10381260 389
12541822 1860
31551017 9243
36513299 2459
23727108 7874
34746605 8254
22348230 7563
19168033 3585
16394711 3156
4844379 5512
35906794 6031
19058624 5496
27034531 7504
9152298 9653
11598366 5177
19619384 1884
34589390 7539
26664252 2951
9837280 5987
13523918 7868
6310133 3738
25756990 2122
12978970 4212
34732280 2548
26322600 91
5029848 8223
5490353 8055
12231679 7271
4347955 1208
10378250 7494
33927470 8269
12823077 24
8914128 2018
9904386 5528
11088810 3124
4504940 7561
4505530 3344
22526368 9615
19999492 7995
27564175 6151
17569182 7404
25953622 290
17978452 5291
19443174 5208
4367268 8920
30830911 2024
12546564 9596
25331757 7750
31420275 2040
22585915 8480
23832447 6939
14284693 7970
22761414 2865
18748102 8688
23526367 9727
29026762 1404
7493903 115
32939202 593
6580071 9695
34716386 1278
10937445 9866
20063072 7415
20126465 3495
30361143 1756
4686146 8115
24231279 6974
15941552 6595
8126332 794
9056687 8601
29720446 1432
20783816 3995
35510819 271
8384303 2732
13611 322
23117717 2686
10273957 666
26925939 9891
35582334 828
20241740 5806
16742666 941
12738093 3922
19544027 6120
6803973 1203
2907765 3185
26451121 5426
15399390 1241
36190040 9718
9946638 5325
6767975 6079
28637217 2761
4829144 488
9417795 7383
4225786 433
13680573 2847
6007418 3789
23022541 2062
11807488 7806
14663487 466
16052990 959
15637345 8389
13090116 408
10633336 3083
26460882 2973
5713244 4419
2436105 9563
25462625 6047
8644961 2580
11654050 8346
23230661 6774
318966 9236
7365565 3058
26003117 4466
33171011 2268
9962378 5018
8682060 3751
4794323 7257
4954631 596
24010649 5239
9240493 3510
6477650 513
33966730 1470
2175022 229
23585057 5697
15329910 8949
17765161 3967
20041059 6788
7985239 9407
8886091 6055
1993529 3599
18979177 1270
31138752 3977
24261384 8273
24385967 7292
23395620 7985
30981335 3235
16443517 9220
27362727 6149
12907153 4721
4505836 1711
18626720 4043
9332795 4380
1700124 6731
22497166 7244
675407 9417
31507630 3270
9342844 3171
20618442 9786
19189820 16
5874843 60
13767641 3907
7985098 2804
34331637 8024
11391519 5155
22466949 2054
7054470 5323
16881973 2267
11035715 4273
3573545 4100
28976748 1818
169065 3936
11277966 1829
8151396 9237
28595674 2654
12488433 8507
15732050 585
34868789 4398
15157774 4315
9300016 1017
20887675 9157
26995497 3745
22874403 2965
29055146 4932
9285148 8852
12087661 5605
27334453 9315
25948670 9681
33174534 8888
12868176 9027
23100727 1245
11309264 2009
34736230 2594
35474405 9472
4478262 6762
11603360 6262
27946468 7975
27858589 3208
19540818 1139
3560641 6747
19145247 5763
32352910 497
20815261 9662
26874203 5271
20583572 2002
36056222 7908
18083932 9809
25629326 8661
4527996 6242
6746636 3778
33473153 4925
19947154 6144
17578302 2903
3631885 8321
18531577 9583
18734223 719
29776884 3611
16870868 3159
26710782 3606
23898625 2024
13217511 9410
25547032 1315
28018037 61
16605449 5277
11232949 4409
5728320 5887
23923765 8453
8726353 8804
11892396 5378
19124007 8280
24051003 9926
26928731 9516
28288841 45
589955 8961
161739 4321
5093919 9334
32182006 350
13805088 6178
9923325 1251
13118579 256
18774942 3347
7880448 5074
738908 781
32300594 3470
32026766 9643
9603725 8379
25941309 1683
34014935 218
20456330 9757
29223752 3845
28369950 9152
5334580 4029
29539 8359
32542458 4625
615697 8772
32160519 6883
2531027 5246
34974121 7787
8131223 6713
5952439 48
5693903 9538
1582482 4790
13080126 1675
12754957 8605
6219669 418
7233345 7589
19288169 3057
19180806 8572
27436610 1965
32499580 8165
2134931 3717
15468939 9523
13102055 4330
6186034 9271
18612202 1577
35517076 2862
25529876 5180
31894374 4276
35652375 8570
15828689 7682
8648904 7706
35950850 3433
29230172 4320
7667650 6765
10785156 4272
5218116 4882
22235690 3163
27834751 5753
36367116 8294
24055421 3440
9067490 80
20460497 8995
8636015 1651
5891465 4681
22973433 7930
8341033 6390
30431533 3799
12301020 7688
19422618 4963
25225447 6534
24649991 1208
33596674 1693
34999343 9566
33825423 6572
18942328 6274
7550190 313
9681190 4524
5422194 9440
11613985 1983
25651228 7222
36073620 9036
21176296 1172
9327355 9215
3310715 6623
24605239 8733
13086396 5994
27955059 7261
1785550 3907
3055925 7239
24982125 3027
14960619 8868
11270982 7218
19762074 9876
34249223 8970
23047592 5862
16455081 5085
6599592 7164
8667972 1337
19522830 9714
30280033 1803
31344160 5718
28575984 8683
13187870 6287
26145778 1509
18536457 6151
19958658 8486
33497723 5460
15296822 8987
9683426 5329
4161038 9472
13952288 3034
9260409 4047
25909348 5117
17498004 9490
17913843 5231
9724817 6725
35862404 7967
28740907 7831
11736923 8670
9640247 366
15936821 3538
32372833 8963
13363261 1803
20781119 9383
1965994 3908
36371102 1579
14278328 5775
24498063 8315
32627465 4454
31410142 5355
18980000 7239
36424631 8757
6700600 5101
28855234 1748
4620410 1410
11412371 9781
11382650 7367
29051422 8342
18130099 7664
4282801 7894
5958811 9947
34287642 2321
3791301 3511
33480530 2331
35230382 9670
29731773 45
16403341 9234
11518746 9161
35833296 3399
21882665 5188
1267081 3980
32232498 775
2994645 8050
28976654 4990
28288909 1122
30725205 5948
15337980 8026
13849589 5120
810823 5947
25333698 5554
33651741 591
7036471 355
1246429 1545
24115969 346
6612678 3375
28921730 5840
5370398 3033
25606070 5067
15415626 8043
18738874 2026
22749983 2541
29665114 1371
7992446 9555
14986107 8836
32970275 5660
10872839 6576
7618240 4549
29278602 373
29239046 2853
29383256 40
20456884 4679
22163759 5189
22317737 6060
23749710 7402
15492399 9784
12021440 8146
24616589 5972
3201385 1179
28414896 8150
19086925 8204
32636268 2801
5321080 5184
6568393 1504
29089229 5051
36483467 7873
22176288 310
19324001 9083
11486353 5797
31462104 351
2012682 4145
25289317 2839
2859067 2941
31613130 5867
19094441 103
25903080 3693
26736153 6272
33443746 5755
15606702 146
18152747 6688
12042382 5677
16642987 200
15332770 1391
2576689 6740
25944242 537
12406414 2594
21860979 7612
2363179 1185
1732759 7512
29671574 6648
11558118 4932
22918797 9538
24442800 8629
10151779 6634
5284939 6545
4355906 4786
8061774 9592
12386771 9363
33155558 7287
36554677 9790
14400575 4382
14626184 5092
20692844 6894
21703648 9374
19948757 8646
11960832 6279
3234899 2589
24089514 2748
16045766 149
27875832 2031
5455649 1380
19515594 7884
1616523 9955
26736798 892
18427581 7729
1512014 6911
11011469 2439
12788238 2860
12454203 9944
9583318 7399
26286859 2045
9834978 6744
32148352 9604
21189745 1296
35153636 441
7355625 4776
13081841 5451
14682050 9613
10903095 2284
24759467 8050
9414454 9524
18428745 1076
7555450 1927
7605833 8175
26774249 7628
9659535 238
22326261 6160
28135758 1284
19457887 6274
4879303 9940
3668494 302
21606765 8284
36729044 7303
18215526 6044
3474529 8503
20948051 6303
7066897 8069
1710275 8413
1921719 4933
28682196 663
3867485 1743
33578749 9618
28203611 9873
30060915 922
12631146 3760
11043830 4157
31646026 8371
32814118 6584
25467322 265
20339692 8789
12064295 2501
23743773 6965
26899424 274
36031490 1237
12949959 3891
33209459 2135
17467583 4969
32917657 7669
33757236 2482
14254291 4547
8862521 927
31691119 7374
27893442 5444
13682743 8034
26017823 5875
31179667 2243
23835008 9908
34892767 2518
4798757 4793
26743801 6647
23918723 3039
10559470 3641
20403862 6376
2721002 3352
28622256 3597
6230132 3447
19330310 1409
25133843 6384
7417891 8117
9401358 3552
2820551 4028
2297544 9320
16988405 8437
36734118 2416
18443090 9175
33270889 6650
13552173 4094
27964179 7163
12224890 6298
820439 255
30079751 8748
29531744 4824
2832278 5015
8930287 5861
32317043 7845
33614925 8178
11232376 7059
36007320 2459
31699094 4243
8108951 4263
395694 3145
33024771 5843
25298999 2415
8205180 7058
11274080 659
35147876 5277
24123474 6414
25637073 9382
35186001 3715
11258580 6762
35726632 2195
2406037 7406
33842539 8283
9506823 3829
19456291 8864
29117439 1490
17901567 9315
14216118 9239
35303087 3583
15036298 430
26320014 2618
12581704 492
27179449 4597
27301977 1965
7498507 8660
20354360 5788
1718065 3895
8332848 5910
10384231 6357
32052099 8672
25241647 5466
6843845 9306
12367997 8572
26378468 3698
11345480 8365
33938446 5760
7898443 9362
8434639 913
17081445 280
14739832 7086
9018735 7345
13209357 6819
8901637 6825
2080840 2756
23520089 6746
13691553 5350
9427756 2894
18682783 6154
15994769 7115
35288607 866
16447094 8237
11961112 1841
12132954 5718
18888832 3678
36411655 7983
9694332 9044
20871708 856
33312331 6604
27588272 48
15608710 1057
26765707 4019
23520625 7470
3017045 2300
4371466 6398
24899552 9983
31035858 2787
10971842 9598
35248204 6356
8633146 1522
22749160 4670
26716209 3461
34425700 20
7259205 109
5660587 8486
13038368 2250
14149365 6863
2137486 1023
876367 8728
26827960 3371
32127588 5675
1000000000 100
12345665 13
12345625 53
12345658 20
12345631 47
12345590 88
12345656 22
12345628 50
12345638 40
12345639 39
12345659 19
12345646 32
12345593 85
12345615 63
12345609 69
12345597 81
12345583 95
12345675 3
12345655 23
12345599 79
12345610 68
12345657 21
12345602 76
12345664 14
12345627 51
12345620 58
12345630 48
12345603 75
12345578 100
12345577 101
12345601 77
12345594 84
12345580 98
12345626 52
12345637 41
12345582 96
12345621 57
12345673 5
12345596 82
12345586 92
12345636 42
12345647 31
12345598 80
12345589 89
12345623 55
12345587 91
12345619 59
12345640 38
12345617 61
12345632 46
12345670 8
12345663 15
12345676 2
12345667 11
12345642 36
12345624 54
12345674 4
12345612 66
12345652 26
12345608 70
12345595 83
12345649 29
12345641 37
12345591 87
12345592 86
12345585 93
12345672 6
12345622 56
12345604 74
12345614 64
12345581 97
12345588 90
12345579 99
12345668 10
12345650 28
12345634 44
12345669 9
12345635 43
12345645 33
12345651 27
12345633 45
12345648 30
12345644 34
12345643 35
12345611 67
12345605 73
12345661 17
12345629 49
12345600 78
12345654 24
12345616 62
12345606 72
12345613 65
12345660 18
12345671 7
12345607 71
12345584 94
12345662 16
12345653 25
12345666 12
12345618 60
200000 100
7980 7
3460 5
1724 10
2841 2
3322 9
3231 8
1466 4
8359 7
4735 9
582 9
8021 9
8208 5
2715 2
4739 5
9850 2
484 2
5000 10
4878 2
1692 6
821 5
5743 3
2024 10
6476 6
4963 3
1597 4
6094 5
8110 8
3712 6
6830 3
3414 9
7773 5
3978 8
3647 4
6599 7
5168 6
1089 4
7954 3
2718 3
6667 4
8588 5
9483 5
674 2
1513 4
5996 7
6567 8
2354 2
4254 8
1862 4
9745 7
8523 5
9461 7
3898 7
5483 2
9851 1
7722 5
6328 4
4678 8
6625 6
2289 9
2668 10
6385 3
8441 10
4183 9
6536 4
6287 2
4139 3
4694 8
276 4
7014 4
7946 2
8925 5
9641 7
7970 10
4490 6
9592 9
3356 10
3655 7
7930 7
7546 6
5484 8
8578 10
5363 5
5935 8
8843 2
9320 7
7943 2
6443 4
3077 10
6568 5
2077 10
9639 10
4053 10
3284 7
2194 8
6025 3
8124 7
8240 7
8633 8
6566 7
7793 8
805434544 31
461983545 4671
773507948 7197
152286425 4245
756462213 8438
106813764 2796
544550513 2431
526311580 4239
486523344 7885
243732174 2329
152405559 1848
251316689 6031
159130324 9158
76695823 5560
92540169 1619
66932466 3540
753178526 9095
277001947 2590
388770401 518
536839482 2498
79409824 8007
741201709 9358
626608648 3913
447961229 3234
64655772 4075
726768741 9279
135630134 5467
708512512 6924
416385138 4949
77882477 124
286359673 9208
623093773 2280
880603961 51
489444350 4381
844670907 5559
2814573 6236
769727195 863
549851192 793
652039577 6855
276061069 6046
228074063 9330
776853920 6680
123734535 9743
309401993 6119
281373675 1214
448923231 4086
498255072 8410
197982661 7308
151607992 7765
704796885 8842
8704580 207
72410239 5739
399609444 8475
340995787 1144
632662573 8537
641325677 384
337975688 2612
829230449 5184
430264376 3157
602308697 7885
482807342 8176
219437107 3984
48970849 3121
420163570 2623
727342305 5191
571447547 9474
801374897 8638
396747866 8557
273108294 9759
578737363 9444
169585706 933
820778723 2135
137372209 876
465207776 9142
112975906 8739
33390201 7710
550926179 4503
708976624 383
229963777 4620
194556891 1714
394766169 9462
810716403 7634
431936042 4140
452045752 3203
618753049 39
222381730 4394
477876234 4671
537395375 5553
187743999 9958
119276331 6622
174192543 2883
387230573 4776
440378165 4119
17058558 175
37007172 7704
332545644 790
484552243 2376
187853486 5756
355638753 4254
354120368 5165
352736031 1744
192534063 3377
183931676 91
194463579 9410
448133951 4642
289313542 7358
529641857 4598
20773782 2203
584682704 5435
576077470 1164
98998912 4722
511851565 2832
193629485 8119
121291749 4484
169612422 4555
265641519 9710
456964738 4010
479972447 5107
484398236 5520
274581753 4503
87778220 730
63230384 8646
5554708 8910
330599251 7118
416023258 100
165771973 5674
188661051 9756
360904465 4372
285314583 6654
48449124 1195
46055283 3398
359014041 2921
26691752 9694
377842985 1027
161657576 5625
257612851 7127
133493929 9688
383159013 1982
337993866 5248
11421889 3789
260269650 2336
237455605 4187
156310610 2333
348303750 9112
132364220 2579
165251717 7332
30898022 2497
5212476 152
110778742 8633
269874251 7201
203404426 3155
152273022 9375
350394034 9412
294402526 8125
75173973 5127
112040658 835
157075328 1645
301784600 348
392317862 8296
91862217 637
235104723 7553
374495912 3187
211688630 9826
147090054 3032
407307104 9276
376280929 2082
340990738 7309
160968631 46
225208852 3442
310118285 8148
370240421 1884
65434791 1516
308687752 8133
204004304 3795
331102275 3845
14056201 2114
70143514 385
343122764 5580
30233621 2165
322831167 5522
51059044 3744
208476043 9980
128782000 2321
235278812 326
179796106 8225
406699306 7274
183288202 8324
174240832 6419
159947971 3299
255035677 5147
326140570 7061
2498369 230
345238865 4274
156035043 28
233275285 5660
332651921 733
287497779 9433
363298498 7331
179903043 5396
399563972 1188
60340955 5168
52478078 8789
88448149 9774
206594127 8310
279285830 2336
289662229 6052
189312346 315
36238956 3548
371177194 7764
387616187 1263
167678689 9914
362341793 7586
231862986 2828
56607213 9227
200969283 4611
387578469 4842
55828670 6683
297557201 9397
72739419 882
246002039 6369
224969803 3778
56208838 6912
2614829 8573
340000683 5790
2112406 6343
943025403 62
826746106 1845
485451399 2636
410135214 4628
304953760 7186
189043900 5963
487477679 1368
311258451 1566
57189087 8260
623504518 3479
7460317 3933
900439650 298
881499169 139
596802274 6349
550282811 648
182164112 8059
16149539 8035
738886497 7638
453233744 4217
739478041 6526
680707715 1712
810320383 781
42166411 3124
196753611 3393
293296673 2657
58933704 9138
822355819 3303
297276030 5655
366561059 6109
866133344 1414
270386858 962
449814480 3508
157985825 6671
59916333 5353
5476449 4796
465318088 3605
358191835 8507
887896422 3456
354635826 6313
406455370 6108
259256265 6629
867983119 7997
566121814 840
873584746 8179
208686591 7226
70821219 7262
820004044 2981
119946664 5330
227686222 6743
680118751 6774
883898727 3778
801201269 9483
814005154 9268
192054807 2731
242852466 6229
845392226 6216
764616307 7205
265638529 8984
620920645 4406
730206867 5789
159690849 288
711875748 5658
808657272 6097
1000000000 100
8900 10000
9100 10000
9800 204
2300 10000
5200 384
3300 10000
2200 909
5700 10000
3700 10000
1200 1666
4700 10000
700 10000
9400 212
7700 10000
800 2500
5500 10000
2400 833
7300 10000
3000 666
3900 10000
5600 357
9500 10000
500 10000
5000 400
4200 476
3400 588
8600 232
900 10000
2100 10000
7100 10000
8800 227
9900 10000
2000 1000
6000 333
3600 555
6800 294
1600 1250
8700 10000
400 5000
8000 250
5800 344
6900 10000
7900 10000
300 10000
7200 277
6300 10000
5900 10000
2500 10000
6500 10000
3800 526
3100 10000
7000 285
1300 10000
9300 10000
6400 312
7500 10000
1900 10000
7600 263
4000 500
7800 256
4900 10000
3500 10000
10000 200
2800 714
7400 270
1000 2000
8300 10000
8500 10000
6200 322
4400 454
2600 769
100 10000
4800 416
1800 1111
9600 208
1500 10000
8100 10000
5100 10000
1700 10000
6100 10000
4500 10000
8200 243
5300 10000
9700 10000
200 10000
3200 625
1400 1428
1100 10000
9000 222
8400 238
4300 10000
2900 10000
600 3333
2700 10000
9200 217
4100 10000
6600 303
6700 10000
5400 370
4600 434
671967318 53
424408458 7077
316267529 8614
34597544 4626
523499634 1629
386917507 861
70405348 1652
256529732 7933
168811063 1446
670807037 1000
124085578 5972
388159009 7714
173972419 9423
312582429 3896
430410286 2334
298594282 2110
519966957 2908
470122094 3379
600440109 9744
373005820 9804
235492441 1342
579225433 4263
618573918 4172
367972184 4849
6878173 4265
79682895 1317
528307754 7526
393146929 9415
550129620 882
104529066 7311
83938724 9283
87422667 6193
545185857 845
263591682 6488
497677020 4652
619870144 2501
337649112 3459
644045240 8479
18066567 1580
386636738 5073
384201182 1695
421874205 8715
598979182 4294
192195634 3267
553260935 6187
517196427 7351
646662593 6159
332864569 1311
506907478 9419
247330972 4053
504612010 7433
225336380 8381
620376810 6793
606221434 7878
817011021 40
93354182 3347
645342501 8578
264736908 1008
194056956 6162
250697051 3432
761015005 2356
104273670 8948
375391358 6089
415790688 6297
321096059 4002
154338416 5256
593859869 8247
378552710 2859
143731218 3858
51272455 4852
607300787 6574
336140322 9107
346245865 5333
737127988 5590
378686008 8736
761858529 4877
136927184 1550
641420111 6224
613169017 182
528926391 1665
53564951 854
674577641 7863
768019765 8847
151758691 3879
482398317 1790
767506760 5650
811683600 6999
100084720 9563
746981810 3405
767632201 5397
733162350 4937
185787349 878
737506994 7115
707099543 7966
173036445 4338
145301939 2
137764846 8150
6304086 7108
973470347 42
930872697 8285
338855215 6589
360693585 3537
22789071 4822
688306800 1983
621669589 1318
623347507 6250
467693178 1376
85723312 8028
616584591 4229
792888198 2789
276330683 1894
102099430 1932
180354217 5148
781495424 6544
198839318 5227
512187266 2529
375612869 8127
772523367 8001
448180982 6790
414605466 8787
321949642 5023
51703645 2748
967726511 3159
134069470 106
497276993 3481
560983377 1692
89801390 3524
270030240 3359
764582360 7026
400366027 4684
239045071 1759
204547274 9362
957932429 7106
87969027 7199
141027044 6243
706085218 8554
876605298 7512
193774846 1650
121443518 5990
572376862 687
604400848 1503
400452202 8
275265990 3608
300884575 8311
33336682 7836
77351879 4380
174955928 6961
257689769 8712
46233596 915
8596365 8302
200000 100
3162 3
355 5
8440 9
9344 4
8917 8
9100 2
3728 9
9859 9
3858 8
7143 3
8848 3
2579 6
8846 8
3719 9
1858 3
8546 2
618 5
8761 8
780 6
4502 3
8910 8
1768 6
6243 4
196 8
449 3
5604 5
7076 4
6232 3
4379 4
3615 2
9860 1
1779 10
9770 3
5834 5
9751 8
8474 10
8174 2
7444 3
9442 3
7058 6
7753 8
9365 8
3579 8
2869 7
6792 9
5000 3
8338 10
561 4
5176 10
8810 9
7046 2
9651 4
294 2
5557 3
4773 3
3514 8
9429 6
3000 2
4589 8
319 4
7536 9
3993 9
601 7
9220 5
1699 10
1876 4
3812 4
5953 9
8777 3
5005 10
3508 6
4553 9
7606 10
2624 4
8898 10
9649 9
8672 7
6218 5
7195 8
8914 7
9273 3
9374 4
5349 5
9326 5
1132 2
6038 6
5380 6
3259 3
5204 6
9586 2
4859 9
7669 2
1046 3
8745 2
2250 6
721 8
1551 5
7734 9
2588 3
4873 7
328545236 37
299889123 1666
71735398 2536
12333789 1533
54898462 8889
140661510 1357
300930849 9058
150876680 7558
311096185 1267
157154799 6846
298944433 2444
55104330 9414
179030303 5611
242710635 7928
48883295 540
53624590 297
252257380 8091
48225300 6744
71673556 2379
116425114 7339
44918258 1731
2415390 181
10491976 5564
176769571 3745
193435894 9928
305627884 7887
269228544 8804
233109891 7493
271009345 3489
273595710 6154
60282888 5194
74463718 3836
295648970 2403
191386501 6941
74162016 7028
185958894 6028
235219691 2044
121663365 1666
148775810 38
117206529 6837
33253371 1196
60925866 2135
147221304 2167
40770947 2354
124145 8813
93018600 2747
59633782 5492
62211257 6813
62927634 4361
43886869 4222
112118917 1952
146051099 6238
107970024 1916
69412302 4783
37806004 3563
99496988 9678
49307429 4151
74950833 5575
119541345 3736
126278793 1110
331166 5676
99507278 7340
9934770 6531
81299864 9255
58344154 2446
111393552 1816
64358775 4762
12441574 3570
82220448 990
21464888 1109
77215471 4988
109423443 6471
65254274 4322
58374679 9388
22082582 1757
2615825 5488
47275861 3081
2 1
1 10000
993241440 100
912785439 2035
884800294 7116
135548433 6456
478459629 6095
169687424 670
511964308 171
126628414 2962
79868867 3715
817730830 2798
869463942 3861
927927607 3570
837273899 9541
694387735 9604
190132440 1067
884055731 7012
873759894 9378
480488575 4809
446748320 4330
946655986 1867
932309976 6080
44453521 6479
123680214 7070
282311854 1614
662264191 8077
371363581 8850
201380186 400
431844764 8516
872826561 7060
848036637 3361
575085919 2760
341417866 5313
783977397 3843
44159400 8097
630743954 2128
497895323 1370
867812454 3712
860033364 1165
164389202 2144
752326865 1143
272674282 6600
895371501 6964
596196148 2535
411208538 7773
569521019 2254
215047626 8995
499690325 3148
773270211 3794
554819068 6037
679404325 5256
814506403 2877
691281520 2038
671230809 1515
314990135 3539
990266497 4107
627940828 34
819586754 5119
631506995 1023
758685114 143
644568472 9251
16860833 2199
943958142 354
374389671 4945
151650099 8051
785322169 6726
415767682 5278
431166715 1552
323662768 6551
606548838 4854
671420806 9151
84402555 9452
836265027 8069
798049984 1361
435252762 9719
478051486 1788
83651021 9183
541673445 8027
711214423 5585
793497300 2589
375876063 9436
83036048 2017
120178087 3986
397187802 1099
287628332 4435
832868722 9947
585217911 3479
869529172 3141
675467459 4123
820722069 2342
920486447 6795
91691264 2336
987646430 184
768628557 1800
70783031 3615
462992705 4258
426826128 2551
17560385 5434
775440333 2320
331243167 6300
176049968 8119
516684711 8356
617613833 25
96040520 1341
464690427 7268
202600271 757
449162326 9663
66810893 212
563507032 9301
250010924 8089
303890148 6518
96322896 7615
115194135 1987
180242971 9518
72781600 6182
75640274 3750
54953240 6880
448374540 1285
236088238 9995
462472787 4301
310388739 3436
51733540 7933
508461327 9384
90791285 1747
303232018 1863
143035140 1699
280316344 2468
477986907 6151
165490130 47
29751767 2824
4929141 3691
136580548 4033
75034302 5979
155567590 3693
105701391 749
118738756 6453
113880727 3501
164126449 8306
59643567 4665
85492619 9817
92763204 4877
39466172 7099
156409847 9470
46939253 2320
57007648 257
107573593 6864
134239733 7159
119034916 2911
113315839 2991
99586264 9583
87258138 2765
3893980 4732
74153588 308
91193538 8235
110914113 6060
150359114 7132
145605997 3577
14759887 1859
64293575 8471
74462788 458
154680439 6705
151205234 8580
57396781 8150
84494968 6989
70554667 6727
11463588 3190
88189907 4894
165185168 2307
68566126 3944
21232418 6650
89546987 5691
93519107 5376
94700185 2572
50666848 2683
96793806 428
20302504 4333
576190231 18
252363448 8306
71962691 5479
503801188 9347
162211262 5435
426385888 3846
265309196 8554
252364781 7839
548142919 7112
521440012 7834
397337784 2832
119220676 355
266378334 7814
414969001 2113
357642720 9616
220972236 1746
296993277 4619
173490297 4942
521673255 6983
1000000000 100
934000000 10000
915000000 10000
971000000 10000
900000000 10000
921000000 10000
983000000 10000
997000000 10000
924000000 10000
966000000 10000
923000000 10000
913000000 10000
929000000 10000
933000000 10000
937000000 10000
976000000 10000
950000000 10000
999000000 10000
949000000 10000
963000000 10000
998000000 10000
991000000 10000
940000000 10000
973000000 10000
944000000 10000
903000000 10000
982000000 10000
930000000 10000
956000000 10000
911000000 10000
967000000 10000
980000000 10000
977000000 10000
912000000 10000
902000000 10000
942000000 10000
922000000 10000
939000000 10000
953000000 10000
968000000 10000
981000000 10000
951000000 10000
932000000 10000
946000000 10000
962000000 10000
920000000 10000
984000000 10000
992000000 10000
975000000 10000
995000000 10000
943000000 10000
952000000 10000
964000000 10000
955000000 10000
986000000 10000
931000000 10000
910000000 10000
927000000 10000
917000000 10000
918000000 10000
961000000 10000
945000000 10000
958000000 10000
996000000 10000
970000000 10000
974000000 10000
994000000 10000
906000000 10000
904000000 10000
901000000 10000
941000000 10000
979000000 10000
935000000 10000
978000000 10000
985000000 10000
908000000 10000
987000000 10000
909000000 10000
969000000 10000
957000000 10000
989000000 10000
988000000 10000
965000000 10000
990000000 10000
936000000 10000
960000000 10000
972000000 10000
993000000 10000
947000000 10000
907000000 10000
916000000 10000
959000000 10000
919000000 10000
926000000 10000
914000000 10000
928000000 10000
954000000 10000
938000000 10000
925000000 10000
905000000 10000
948000000 10000
419867720 100
201020342 9876
11958916 815
172022687 5573
64357235 1466
397983732 8844
334469598 7686
264494943 6464
154046827 9739
410978280 2978
61774122 2003
130068637 1165
214847296 8339
409730076 4422
130134438 3560
8916312 1893
349930663 4245
233301911 9361
187811167 1228
399505265 350
114545940 5668
162537034 9095
113684518 9526
222280604 2358
285072188 6959
19070888 5560
152175161 2651
78791075 871
58709622 8882
304482368 3757
39103758 6917
384095232 2492
314488944 4801
78208118 5588
323197257 334
207067285 5077
176164455 1658
22548972 7729
235366829 4955
56113818 815
20016085 5016
179964963 1969
29497371 8941
175763886 9212
383900822 891
138216889 4803
315556884 2864
388822796 5126
300935174 8734
33478693 4172
255243168 5744
376869278 9038
310001043 4876
253679570 2185
106346203 637
309161106 3320
50923450 8810
17872251 1762
414610361 9903
339025281 7998
53675579 2134
147538226 2675
188653635 9549
353213888 5643
312642440 8143
200340158 1131
275466962 2922
58792835 5592
156072817 1618
54351283 1361
381176331 3919
30883594 8525
386534666 6578
356314922 8525
270286424 6627
188420495 6526
32223785 1795
385927645 9720
37739814 5126
338073171 7738
34530592 1842
265506910 8041
312506267 2804
79586920 4756
17627612 3540
278773279 1758
339619681 3207
133592690 61
138212431 5564
155778904 9380
235342334 7388
401161053 4625
8632395 5655
28581930 1625
15940295 2839
14473386 525
142760427 6802
100693246 3767
145237247 3180
148485088 3918
320799619 7538
138832075 100
71401800 8778
108688531 349
5521074 5070
1488101 9620
95937084 5182
37813562 3099
36460137 2433
23309450 6323
55037481 9058
114881728 8289
38058064 5417
76626011 7023
43572638 5719
47197285 472
26942157 4883
95442255 6556
130881720 8128
74014510 6922
131387074 5650
96356809 5904
110520010 3234
127484450 6709
87249018 1706
114267614 790
104288164 9354
18813842 1220
48600286 6094
98365644 2378
82987144 2537
77976945 8725
36898880 716
69067332 9175
8710661 2115
127038117 3447
117335259 8573
61679271 5015
10546217 4878
106526720 778
114918744 8025
12086753 20
91006403 1463
60853003 3117
42463818 6636
66976683 5717
41485406 953
91640276 200
17700398 1964
55982771 3468
14689911 9379
88926944 3719
107227271 3309
21215361 416
94925586 6851
130403975 8916
109966428 8667
14029062 4962
115169180 1882
69758702 2158
20163319 642
76502293 3385
15244962 5370
84042272 556
74558850 4800
28938681 2409
59603220 3843
53226241 53
120267875 3669
38820184 3429
84706415 6399
29445329 8511
81603650 5164
32392856 8892
123474544 3624
49576128 5562
28074352 1635
25157242 8679
65675489 2693
35224696 8216
68741439 4808
9481864 6827
93413262 766
73898606 2544
112535475 1126
30856884 8334
87870391 7387
13950681 6380
24511084 8074
40231565 9106
78302909 6301
101634725 5068
24235464 9485
116920270 6004
82047558 2255
50805026 1025
81572318 9625
1021021 7705
131822687 470
113539453 6294
6392571 4956
89026159 8897
1000000000 100
999999950 50
999999994 6
999999965 35
999999979 21
999999933 67
999999945 55
999999902 98
999999906 94
999999955 45
999999913 87
999999978 22
999999997 3
999999925 75
999999936 64
999999962 38
999999960 40
999999983 17
999999939 61
999999953 47
999999948 52
999999940 60
999999926 74
999999980 20
999999967 33
999999951 49
999999910 90
999999901 99
999999988 12
999999996 4
999999990 10
999999966 34
999999982 18
999999959 41
999999986 14
999999921 79
999999904 96
999999952 48
999999907 93
999999899 101
999999977 23
999999974 26
999999944 56
999999900 100
999999920 80
999999911 89
999999905 95
999999985 15
999999934 66
999999949 51
999999935 65
999999975 25
999999963 37
999999969 31
999999958 42
999999909 91
999999964 36
999999919 81
999999984 16
999999981 19
999999927 73
999999987 13
999999914 86
999999912 88
999999995 5
999999970 30
999999976 24
999999947 53
999999937 63
999999942 58
999999931 69
999999918 82
999999915 85
999999917 83
999999908 92
999999961 39
999999941 59
999999930 70
999999991 9
999999993 7
999999954 46
999999932 68
999999943 57
999999923 77
999999929 71
999999971 29
999999903 97
999999946 54
999999938 62
999999998 2
999999973 27
999999922 78
999999916 84
999999992 8
999999989 11
999999957 43
999999924 76
999999928 72
999999972 28
999999968 32
999999956 44
602417017 12
227425141 4638
125417436 8
204793656 9947
49142084 9986
351766863 7383
412383445 6875
234175838 213
592963013 5508
397263236 5475
493231278 7896
370653893 3521
113280888 7802
200000 100
7793 6
5994 9
641 2
3939 4
9972 9
6354 7
6042 3
1583 6
2431 9
2008 7
2312 8
8422 5
8769 2
7694 10
9378 7
5880 9
1689 7
1013 7
2040 4
8154 8
8074 7
2433 7
404 4
7496 10
357 3
4336 8
6421 8
7966 4
6484 7
3058 10
9012 9
4694 9
4716 9
2960 4
8879 3
4438 5
612 2
7346 6
8004 10
6376 6
640 7
8870 8
5000 9
3915 8
1083 8
9634 4
5627 9
7705 5
4091 7
1346 5
4527 5
2555 8
1882 7
8756 4
9687 5
6930 9
1167 6
8571 7
620 7
2150 2
5083 10
7838 4
1805 3
4982 9
5339 3
3087 4
1395 5
6361 2
6114 8
3412 3
6268 4
5609 5
661 4
3217 5
1350 10
3562 7
806 7
1925 7
2879 6
5320 5
9263 10
3166 6
8830 5
3788 8
3898 10
3591 4
982 4
576 8
4039 5
3028 5
3320 4
4634 8
6758 10
6827 8
1846 6
9240 7
9333 8
7114 8
8146 2
9973 1
91575962 100
58178008 5688
75414264 4424
64228419 8911
83904192 8459
25716614 4444
15174942 8988
34197875 936
23538259 2417
18157790 8486
4373883 3851
66225294 8841
23562810 6533
30227010 1382
23541288 9399
68701937 266
28397029 2756
41389403 1047
66138217 8515
55746403 1931
24712121 46
32450174 3721
76435400 2881
70600489 2314
79452593 2662
13889823 5515
50131217 5278
69456405 2485
90179621 5636
30358005 2499
63857212 8048
15703120 5299
75048192 984
42814257 4104
54417491 4378
54670795 9538
57846546 1129
38360675 9768
38374348 5977
10849646 3146
34260491 3030
24924572 7819
72975539 9191
14271558 6256
84115580 4955
3105257 6693
46676483 6531
19128907 6390
48855270 1017
17699509 4192
8232387 4756
79600999 8862
39007383 7881
85346853 4705
41848123 4975
48878977 8604
6151397 3641
6962579 5692
13497613 9133
26338939 1897
61624946 3087
57169904 3065
36075087 4596
30011608 4570
82912683 1311
21003312 7663
89819042 3109
85239819 1103
39067388 9551
54008296 1995
57525010 2991
66426512 1316
16938113 6241
61057960 9581
67422331 9597
6460357 5084
41082466 7303
90170437 6477
14700261 1512
18547562 8184
67460421 3502
53462065 306
56980391 1964
18171482 6258
13839021 7702
55650635 4699
65883878 7061
52560718 360
61370897 3342
18408759 5823
40458648 6187
29609334 4728
50008560 4996
35090973 7080
46414488 6509
5307597 6943
55770802 6409
78343845 6290
56742640 233
64464608 8392
13013273 3500
683437735 100
327390115 6568
264016644 100
443611690 9335
527927725 2052
147807538 9344
282223341 140
299202746 5779
654246360 4827
328907338 5911
367858323 8630
366008987 6032
105652810 4226
286426974 2155
632254502 9041
148593637 5886
627355834 3959
239107878 1161
327028255 4094
643978490 3850
424481 5420
213247052 1893
145252624 7981
577663998 2478
134518481 2874
459385674 4485
679320496 2486
204934445 9827
240833635 7107
648041863 4024
22884033 403
650216242 3283
604944650 558
521227282 2272
393844380 6659
419958092 1407
254276722 4419
387099960 8201
648924311 184
114979280 4994
268404987 6540
606522077 1332
249364542 561
23480323 6331
223915125 8754
364006345 6489
559552063 6330
589620769 9730
207260514 911
43808937 3199
505570194 7394
325909864 4037
496864253 4137
8119708 3993
420490287 7818
401080284 3731
626893084 9156
110154695 3627
380329989 5270
121554758 8163
456814497 2162
208449407 2178
189616499 4821
654139829 1804
116096065 5275
551462921 3180
448973429 4416
564356970 8678
549301344 801
177323193 6481
17100320 1214
301438610 3122
480051656 5643
58964364 5242
554319783 2399
245964773 1192
575248252 7540
273299507 3363
385502296 1016
550058473 4455
215245188 5402
647305693 6689
285518867 1189
493190413 9093
677309017 1003
322246773 626
585869553 213
288998391 8552
538579181 9439
632166394 6724
168596989 1755
509577573 2846
374098366 9705
53009537 9842
666461941 6219
364523269 500
206283963 5503
210180217 8750
678683349 4951
339456836 5512
627956637 4133
200000 100
9310 4
7937 2
7858 8
2004 7
1301 5
9247 2
3726 2
9915 9
7673 9
9769 7
1838 8
1321 9
5905 6
2455 5
9449 2
3233 6
86 7
3264 3
5682 10
7725 9
7317 2
8492 4
9208 2
2342 9
5187 6
7265 4
4751 4
4808 7
1568 5
2527 2
8904 7
9025 6
3245 5
1107 4
3827 4
3948 5
1570 9
14 9
3345 8
9960 1
8558 2
5728 3
4864 9
8214 2
4925 8
2966 2
5974 7
816 9
1826 9
2552 5
2077 6
3616 10
1940 8
5826 9
5242 2
1449 10
4975 7
7320 10
5755 8
9959 6
1530 3
6778 5
5809 9
7632 2
4261 2
6294 8
6046 2
4379 7
6603 8
4717 5
3130 4
9709 6
3197 6
7075 2
9265 10
2726 4
4545 4
1757 2
5416 5
398 7
418 9
99 3
3725 7
5000 9
1950 10
2468 6
4811 2
9382 4
4593 5
9489 10
9006 10
5645 7
347 5
2412 2
7055 3
5250 3
7518 4
9351 6
7379 5
8524 4
1000000000 1
999999999 10000
155200269 100
48144558 5108
26570345 4501
9491112 2338
38922462 5707
39665594 2070
33918294 5331
128041765 2487
52932162 1998
55299297 9347
94789600 6432
8717883 5947
63150495 4875
135225834 394
106042374 782
123506517 5476
119212877 8991
64887031 211
76211375 8724
45038597 1753
9229258 6021
86323944 3436
5330064 198
69504291 7113
74366871 5041
8526183 6803
112966444 6333
100805885 7905
88682666 1549
79089149 3724
92966881 5459
84067085 2333
24128440 2691
17736141 6379
140892806 8933
103027139 2650
25494815 1864
89269817 5966
10262211 6216
85567275 3991
3891484 2990
144013617 6145
112010840 822
92098493 9502
6035716 4432
153147981 9705
141463971 2430
71869362 6569
57238357 9409
136897767 4112
113470671 6625
17073014 3771
49456476 3484
58779402 276
136400992 1014
138040365 938
15694589 792
96291678 4825
130784207 3131
12424528 1257
65436915 8091
67139022 6250
148858441 3293
43287001 8298
33572514 4748
154592169 2859
146388720 2052
140004056 7738
16001595 5747
6986986 4359
134011158 9029
16246721 8857
124962156 7748
95167273 6213
21910142 5966
55760842 1224
93547744 9894
22991650 7074
31003301 6380
103883224 5911
121007736 7476
96047042 1816
64551527 2860
140037637 7898
109627291 3762
17134478 1636
85529498 9001
145866507 9351
44138267 3899
101037505 2288
21104160 4144
135983994 6904
3893280 1418
43060018 9394
55664587 9036
28827868 3827
50346688 2342
120720134 6427
149757815 6574
11990045 8592
131207562 9394
200000 100
1951 2
5000 4
2776 10
6519 10
7667 4
8794 8
5111 5
1500 10
2412 5
4650 2
205 4
7167 2
4822 4
8096 6
8932 7
7647 7
5408 7
546 6
1587 9
4381 10
8081 6
7837 10
9925 1
7740 2
6524 5
2905 5
5336 8
9302 2
4515 4
7966 4
2491 7
531 4
6627 7
51 5
3330 7
1437 7
5969 5
371 2
7590 10
6058 7
1536 6
7523 9
7085 3
4883 4
1286 6
3750 3
7135 2
2477 5
4978 7
6123 9
7286 8
8220 5
2197 4
3039 6
1052 6
6620 9
8696 3
9924 9
8368 8
3930 10
8158 5
6521 10
8130 10
6943 3
7674 5
1382 9
614 8
7224 5
548 10
9457 10
9220 7
344 7
1585 3
3063 7
7027 5
5707 7
1556 5
6245 3
488 10
883 10
9247 2
7017 9
7305 6
6461 3
5577 7
2935 10
3076 9
4031 5
142 6
1575 8
58 7
849 9
8511 6
1799 4
5436 10
8456 6
7051 2
6495 10
6001 2
2703 7
916757184 46
435264417 9004
811563797 6400
651260769 5420
438021216 4186
167399371 590
821363608 2961
67875039 775
459338020 8215
615955735 7029
265709586 3098
281531047 6360
513973828 8437
727542760 1419
880556241 8549
239078236 8279
458019867 5746
780379566 6254
221468958 1871
165577798 2611
730016868 229
485060700 2928
195241969 9656
701432926 6477
807332536 7538
21625311 1647
758648907 3629
54255140 5974
793415955 2368
344010391 7656
213434870 5000
664180936 9497
573132497 7153
675476204 6225
237581541 2959
873968529 2612
225326820 1453
481735987 1229
616378830 3789
313126699 2514
57389729 737
200947283 3142
73752254 3647
393918737 4546
508998052 5830
502516860 1753
120448024 5802
830786531 13
484576589 3528
77751283 100
507817140 2306
621596659 42
434189444 4393
140359356 5303
684473592 2207
243795213 1520
754729408 8762
41404086 3314
667102643 8734
657042053 6527
310403734 2262
918746105 46
781007054 4874
613002868 1532
534419188 8732
509898020 3741
209329609 215
503448148 5768
536823501 9562
90200488 9455
184608300 1443
397878579 2680
517896397 5091
19652235 3666
161314354 7398
555659581 2042
112028927 8784
283218829 3242
84626302 1024
474806800 2693
529722735 3422
851620897 1066
109567763 5322
175670465 4956
470124788 2316
77510677 2466
98143947 4717
804574048 906
631911273 4333
864636530 679
54572026 7345
861691953 2706
908178688 8108
489949798 8502
663525275 2359
817334436 1650
538107443 3997
50625655 8920
887971091 6879
680576369 4668
613369488 5776
325952879 2887
851167953 2102
631602043 9099
347148285 1131
279532625 2804
209853309 6427
524912928 6688
842378417 61
466117521 2476
447384241 1493
273419665 9069
239170487 4405
708929148 2735
414159976 5427
239451347 5957
463148055 7318
381611981 5469
292514388 3845
589148184 6003
210240167 8315
159738252 7619
359226244 3113
649893241 5386
544315287 4211
163662062 5255
536176724 7071
665000146 7853
510588695 3916
265646194 7446
504962234 4553
822830066 6253
591278998 1755
354476608 5568
191824723 7450
631397032 5038
394838334 7945
496716001 9000
74662297 2606
500173801 5545
92905467 8494
678149330 1246
813385243 3752
551285332 9287
633122349 5012
195759659 5775
222670918 6567
261372460 7755
822561253 218
349172470 7049
732653667 1103
71157127 1879
171671888 5469
33094773 17
781278834 2084
540969228 9540
632183119 5537
655160523 7602
775032343 8012
810669971 4480
174159602 4950
40981875 825
668346935 3454
241276139 3834
164457275 4476
468316375 7252
583646250 8029
26662919 891
151018866 6659
492012767 5731
269919085 26
204829023 7399
91968870 6660
144624134 1725
84628563 8710
140167027 1577
91938796 7559
35593622 7234
255595517 2981
63530462 7691
73898196 6254
264218700 8886
112293451 7298
75360172 2388
105513226 5196
261854959 7950
61710108 7629
228412721 9230
255951775 1773
121957367 6244
242067966 1116
110284945 7680
78935208 5833
264387250 2659
61312508 9378
187180253 4701
86817710 4459
1000000000 100
34 68
55 47
88 14
44 58
31 71
66 36
4 98
83 19
11 91
72 30
79 23
87 15
30 72
14 88
13 89
12 90
89 13
56 46
62 40
59 43
27 75
6 96
9 93
23 79
86 16
21 81
8 94
40 62
98 4
35 67
94 8
60 42
71 31
48 54
19 83
45 57
17 85
16 86
33 69
50 52
43 59
1 101
24 78
70 32
42 60
76 26
20 82
99 3
51 51
22 80
41 61
100 2
15 87
46 56
61 41
68 34
81 21
74 28
26 76
80 22
57 45
77 25
93 9
78 24
67 35
3 99
25 77
29 73
65 37
64 38
47 55
53 49
97 5
2 100
54 48
69 33
84 18
7 95
82 20
32 70
38 64
75 27
5 97
36 66
18 84
28 74
90 12
96 6
39 63
63 39
37 65
95 7
52 50
49 53
85 17
73 29
91 11
58 44
92 10
10 92
515486019 21
419025991 2959
338285773 9484
28238047 852
57186661 1100
362811020 3116
160123183 9171
371663205 5120
287667945 6320
497639539 9439
317456071 3370
494382892 989
345590919 8922
32602898 1650
138456110 7062
105441437 7977
316264608 9719
115718138 2430
373163502 5909
292184872 4056
258725994 7015
390277555 4819
200000 100
2723 9
7904 9
9655 4
638 5
3736 9
8012 10
5658 4
2362 7
2508 3
2565 9
6220 4
2267 8
4009 8
2342 4
1004 7
5410 9
7611 7
3331 9
5072 5
2345 7
9601 4
7384 10
5881 2
4430 7
9254 10
4232 10
9806 6
7540 8
2318 9
9529 6
8736 6
609 2
4658 9
1970 8
8765 3
6371 7
5599 10
5583 8
7519 9
3173 2
4819 9
481 10
9312 3
6145 2
1873 9
1448 6
6096 6
3105 10
5529 10
2236 5
1917 6
5000 5
3850 10
3556 10
2971 8
8205 2
4969 4
6550 7
1751 4
9188 4
4175 9
7069 8
7844 2
5661 10
803 7
7283 10
9781 4
7308 2
2213 2
9490 10
6633 5
962 9
5873 5
1779 4
5875 4
2126 9
6268 3
2897 8
7032 4
7200 4
9807 1
6663 10
1152 5
2862 2
9297 7
1148 8
7326 5
2838 10
8886 4
47 3
4105 9
5712 7
9499 8
1711 5
4120 3
2113 6
6704 10
1040 4
418 8
4389 7
313363342 11
167344803 9975
140903440 1094
112199508 1668
42487445 3112
224705674 9315
120026443 9677
139042559 5476
133564354 9874
88826005 4315
173459987 2822
251229606 2752
1000000000 100
999999921 80
999999988 13
999999936 65
999999974 27
999999970 31
999999917 84
999999975 26
999999911 90
999999944 57
999999989 12
999999960 41
999999926 75
999999969 32
999999912 89
999999982 19
999999942 59
999999924 77
999999993 8
999999963 38
999999992 9
999999972 29
999999939 62
999999966 35
999999915 86
999999979 22
999999910 91
999999903 98
999999928 73
999999933 68
999999998 3
999999973 28
999999968 33
999999941 60
999999945 56
999999914 87
999999971 30
999999935 66
999999983 18
999999902 99
999999901 100
999999947 54
999999953 48
999999954 47
999999977 24
999999927 74
999999929 72
999999923 78
999999991 10
999999964 37
999999958 43
999999931 70
999999913 88
999999925 76
999999919 82
999999990 11
999999951 50
999999909 92
999999922 79
999999907 94
999999948 53
999999916 85
999999920 81
999999930 71
999999957 44
999999996 5
999999994 7
999999946 55
999999980 21
999999997 4
999999955 46
999999906 95
999999918 83
999999987 14
999999904 97
999999967 34
999999978 23
999999959 42
999999949 52
999999950 51
999999985 16
999999905 96
999999961 40
999999976 25
999999938 63
999999956 45
999999937 64
999999999 2
999999962 39
999999943 58
999999932 69
999999934 67
999999981 20
999999965 36
999999952 49
999999908 93
999999900 101
999999986 15
999999984 17
999999940 61
999999995 6
957268328 40
445365230 6133
741366492 5612
241455180 111
158353594 4035
801190940 2064
739147836 3842
868182518 2531
302057923 2578
614351001 9637
130588717 8208
763317078 5039
818556496 5777
863903130 6418
760289194 1629
860845373 5263
365601051 5820
544176797 2726
241024111 4133
855536402 4123
417274547 7089
322943102 605
97333587 1010
100929793 1171
372985334 5222
466485582 3573
499048022 8832
362538783 4091
456553063 126
905127495 6003
323844902 2363
951269420 729
311628535 2120
207615006 5881
296800391 5782
304680568 3633
714552934 5420
591752507 4771
495828086 3037
622618587 6098
364774327 7557
448820862 60
76881651 4432
50754335 3120
329027978 9483
353474844 8378
415245147 9790
340859006 5738
316917050 5980
380301901 8094
173674617 9035
137818837 4200
203727132 3235
83262249 2973
405473503 9915
24307460 2467
85665121 5087
153149772 235
16835610 7992
313702188 2776
243437505 6751
29810774 1482
89927961 5381
114538194 2800
9451742 7405
393565489 2007
15273202 1154
399563900 4811
184171716 4861
442845336 5277
424245955 943
374246057 8471
346359850 645
99495156 2226
439895565 657
244228708 3850
42493539 2413
387610164 9561
15762597 9980
65087654 9950
5508362 808
349245862 893
282301531 1464
22743260 7222
151211074 1168
139592629 7496
406405870 1407
116212260 4829
229038432 8307
315889908 7544
104855718 9517
435044818 5528
267293986 4875
214595401 835
398607768 6482
164187523 6888
162584787 6377
148756542 5370
354653247 9199
25647953 7644
315485848 3073
104786318 2534
19378160 4
2031487 617
7512258 7816
15907944 6126
11568754 7101
189075404 20
165341965 4219
17059188 8687
145859146 7327
37537626 414
164089268 1190
165533406 3723
114408052 3936
84194981 9684
91941593 1833
7970586 3661
97879005 4962
173388618 319
140929377 542
45078257 8389
141497752 6433
103030428 8371
151815344 7342
49326709 6639
51942561 4403
131903537 5877
1000000000 1
999999999 1
24270950 22
19551897 2512
24057413 8445
21091840 7109
8342257 9278
12880423 5279
18283413 214
19145608 7296
11829888 1060
4973659 9467
9946224 7880
13349722 7666
10056511 9074
2043693 1559
15240302 2192
2750002 5584
3028792 6503
6730173 4455
1793671 8231
4592948 6640
4465662 5333
23151037 1790
15333904 1958
1980472 19
1542954 6873
560676 3125
1571258 5638
1776963 5853
1908981 4093
432548 8328
222017 8035
447701 3823
41048 1654
31002 2907
1873659 3960
1102245 3665
1241756 242
1163139 3997
268623 6875
879688 5391
839016 4911
710299 8220
1431784 3149
465402267 2
190700453 5852
20953683 3402
2 1
1 1
122790330 100
118527046 1809
106846053 8602
66811581 6809
65617963 9202
51410813 7154
82084100 9360
107073001 7186
69512051 4491
70075737 9957
6398742 7414
22174176 3357
76423752 7292
4638524 2466
92968020 8958
109626968 8737
57060825 5231
78419092 2132
82733213 4597
63244569 2182
18549618 2712
29180331 9281
73859958 6349
86165736 703
88192245 1645
59630368 2470
73370501 6464
74052970 5332
84363447 348
100942340 393
106931960 6951
38930637 32
35843271 3401
9542877 5000
41241338 9210
100942119 6401
105715144 6592
14280815 1392
84260549 864
99509723 3274
28453127 54
19313303 28
105494014 1990
63523004 2214
44012117 1697
74148588 9640
107258784 3040
40058537 3427
89146632 2572
26708636 5013
72088851 4265
80903284 4640
56526132 4279
85267984 5533
3583992 5994
24307380 2513
34171652 5097
33295823 9897
111101480 7356
82331260 8427
19197195 4934
71416158 152
108081890 7576
101856823 149
70013090 990
117722966 7694
41181909 3949
57458431 8254
91772703 2259
683427 2572
5439512 4626
24436215 8765
91464045 6024
75434226 215
78423330 381
69066001 6796
21205449 8544
50768 662
115499595 604
68741520 7771
56074244 9701
96400970 2736
65190465 2856
47336639 2638
81478957 6637
113714283 687
82141342 8819
47689352 6010
50131654 3925
4849438 8210
120099847 4543
122329654 5444
61007881 6395
54826890 3395
44697890 106
1760343 6898
2822917 7789
46970495 681
112683727 7467
89390841 1772
102002123 8020
725234859 65
248953064 8193
111740740 5304
705364825 4521
143385532 6695
305804641 551
267680277 9892
180724272 9293
589649933 6625
257992170 205
106754523 2468
723018617 4781
605743275 6526
646962204 1735
596343241 5045
675736794 487
550852186 4317
550086321 3078
678625550 495
251629344 8427
387529562 5800
41448474 6926
392779232 7690
108411838 205
188177375 8687
260009732 1292
130580170 2183
358754556 6970
600072159 1111
661913571 6869
363432103 5664
256626616 5833
513764300 2959
32419676 8078
387838313 7643
560377251 1456
452157581 9794
267156655 523
23291180 7850
647263087 1203
583125795 8082
581108237 6347
279088757 9866
718962572 1001
694031340 3103
405007195 5587
455800304 5837
467733671 7312
70035896 320
569707954 9399
574018112 8414
699918755 4834
635043764 7938
418009292 8883
485041485 8577
168427927 633
356170341 7338
354381125 2344
62163293 5579
74887872 3044
698260099 2449
295509270 5675
155167058 3643
595441167 1730
227298003 6766
714807828 8462
1000000000 1
1 1
858378775 5
26929775 6901
536425839 5110
256136062 2288
116549889 9619
450063205 371
881152783 8
735597810 9366
249588364 2559
212090862 9701
844574438 6116
518578961 8709
236961482 3302
412318774 9316
269378248 3778
