99
2525 1
2400 5
300 2
120 60
60 90
579963018 1
503198767 879
629710786 1
615063098 3506
785327427 1
16101693 1363
1000000000 1
999999999 10000
781971123 1
524290884 2371
102319911 1
35617189 126
200000 2
5001 1
5000 5
367971943 1
269070858 9066
296156598 1
144488175 4759
1000000000 1
1 1
692995094 1
369295270 2241
329329442 1
255806819 8460
1000000000 2
999999997 3
999999998 2
787269891 1
319297028 2037
1000000000 1
1 10000
885113930 1
698957439 1179
534996347 1
488906584 5397
890048317 1
329275262 9277
954360071 1
370523863 783
29628046 1
5405888 6
690664511 1
605804165 511
160468575 1
159682373 3836
569129614 2
191586791 4540
142395597 3324
52673803 1
24337027 4762
720722023 1
634240407 5722
480577893 1
32809323 3248
80571189 1
38808963 9787
64993685 1
24593092 6606
699407079 1
491013911 1291
866454080 1
215270446 9616
620752053 1
454995214 1162
869224056 1
34952211 5277
136479961 1
68044858 5241
253343261 2
243043296 5004
85093842 9787
1000000000 2
100 10000
200 10000
267758800 1
6695680 106
409367681 1
5198688 8157
12972352 1
5057167 4296
786576088 1
404890992 149
920189592 1
521598584 6421
317533791 1
303786079 9809
609111885 1
252865096 9562
1000000000 2
998000000 1
999000000 1
252128682 1
57737010 6266
376302522 1
360270257 9306
308144658 1
286954182 9249
469287934 1
178421982 8853
1000000000 2
999999996 3
999999997 2
505374102 1
96296587 5258
90926452 1
43661715 2223
494397287 1
325191326 3890
694902275 1
66512119 2471
796602642 1
204218656 8914
477188619 1
155036493 740
277573127 1
151131916 7298
689691549 1
524905615 9717
154945087 1
148434515 6134
896524680 1
488033432 9910
763874014 1
658739573 7072
749608580 1
653609815 9018
870014698 1
429775259 1991
376814834 1
358747979 6416
905525986 1
686401684 4156
18086813 1
10473721 455
500076407 1
387884270 4149
406754547 1
182870641 8598
156958427 1
25162660 9147
1000000000 2
1 3
2 2
2 1
1 1
123212025 1
8256389 8211
961945973 1
59762448 9430
538155785 1
301083762 284
158420729 1
25546624 4242
361102900 1
123117207 1104
863380189 1
153681935 9815
132232913 1
2721538 5696
414683908 1
158826601 7
776030103 1
596670586 7006
283283521 1
274876483 4465
438413648 1
329059822 7319
529674345 1
232287066 9223
465781844 1
344562806 2655
572114891 1
265519704 2572
1000000000 2
998000000 10000
999000000 10000
1000000000 2
999999998 3
999999999 2
279285926 1
246935971 3727
515016746 1
179987379 6827
880109939 1
571706735 3088
1000000000 2
12345676 2
12345675 3
520555481 1
286176249 6914
32349504 1
11311849 5600
2 1
1 10000
1000000000 1
999999999 1
936530364 1
874840964 1475
55256002 1
54856613 5634
184832515 1
134672448 6308
366939575 1
264768426 3836
